rank	type	sample	location	CHUG	LSUCC1028	LSUCC0246	LSUCC0387	HKCCA1288	FZCC0188	HKCCD6035	HKCCA1065	FZCC0069	RCA23	LE17	HTCC2083	HTCC2150	HTCC2255	SB2	HIMB11	SUM
-1	TARA	ERR3589580	AO	0.004	0	0	0.004	0	0	0	0	0	0.013	0.002	0.002	0.003	0.001	0.001	0	0.024
-2	TARA	ERR3589574	AO	0.002	0	0	0.002	0	0	0	0	0	0.007	0.001	0.002	0.002	0.009	0	0	0.022
-3	TARA	ERR3589591	AO	0.002	0	0	0.001	0	0	0	0	0	0.005	0.001	0.001	0.001	0.089	0.042	0.001	0.14
-4	TARA	ERR3589585	AO	0.002	0	0	0.002	0	0	0	0	0	0.004	0	0	0	0.047	0.001	0	0.053
-5	TARA	ERR3589584	AO	0.002	0	0	0.002	0	0	0	0	0	0.001	0	0	0	0.002	0.001	0	0.005
-6	TARA	ERR3589593	AO	0.001	0	0	0.001	0	0	0	0	0	0.004	0	0.001	0	0.002	0	0	0.008
-7	TARA	ERR3589572	AO	0.001	0	0	0	0	0	0	0	0	0.025	0.003	0.011	0.01	0.068	0.001	0	0.119
-8	TARA	ERR3589586	AO	0.001	0	0	0.001	0	0	0	0	0	0.022	0.003	0.007	0.007	0.007	0.001	0	0.047
-9	TARA	ERR3589567	AO	0.001	0	0	0.001	0	0	0	0	0	0.007	0.001	0.001	0.001	0.002	0	0	0.012
-10	TARA	ERR3589581	AO	0.001	0	0	0	0	0	0	0	0	0.027	0.004	0.007	0.006	0.106	0.001	0	0.15
-11	TARA	ERR3589578	AO	0.001	0	0	0	0	0	0	0	0	0.059	0.007	0.006	0.006	0.018	0.002	0	0.098
-12	TARA	ERR3589568	AO	0.001	0	0	0	0	0	0	0	0	0.027	0.004	0.004	0.002	0.002	0.001	0	0.04
-13	TARA	ERR3589583	AO	0.001	0	0	0	0.001	0	0	0	0	0.005	0.002	0.001	0.001	0.181	0.045	0.001	0.236
-14	TARA	ERR3589563	AO	0.001	0	0	0.001	0	0	0	0	0	0.005	0.001	0	0	0.015	0	0	0.022
-15	TARA	ERR3589573	AO	0.001	0	0	0.001	0	0	0	0	0	0.007	0.001	0.001	0.001	0.003	0	0	0.013
-16	TARA	ERR3589560	AO	0.001	0	0	0.001	0	0	0	0	0	0.009	0.001	0.001	0.001	0.006	0.001	0	0.018
-17	TARA	ERR3589556	AO	0.001	0	0	0	0	0	0	0	0	0.022	0.003	0.004	0.006	0.006	0.001	0	0.042
-18	TARA	ERR3589590	AO	0.001	0	0	0	0	0	0	0	0	0.045	0.006	0.012	0.013	0.012	0.001	0	0.09
-19	TARA	ERR3589570	AO	0.001	0	0	0.001	0	0	0	0	0	0.004	0	0	0	0.001	0	0	0.006
-20	TARA	ERR3589562	AO	0.001	0	0	0	0	0	0	0	0	0.012	0.001	0.001	0.001	0.029	0.001	0	0.045
-21	TARA	ERR3589561	AO	0.001	0	0	0	0	0	0	0	0	0.013	0.002	0.002	0.002	0.028	0.001	0	0.047
-22	TARA	ERR3589558	AO	0.001	0	0	0	0	0	0	0	0	0.015	0.002	0.005	0.007	0.005	0.001	0	0.035
-23	TARA	ERR3589559	AO	0.001	0	0	0	0	0	0	0	0	0.021	0.003	0.007	0.008	0.063	0.001	0	0.103
-24	TARA	ERR3589566	AO	0.001	0	0	0	0	0	0	0	0	0.054	0.005	0.006	0.006	0.012	0.001	0	0.084
-25	TARA	ERR3589557	AO	0.001	0	0	0	0	0	0	0	0	0.021	0.003	0.002	0.002	0.015	0.001	0	0.045
-26	TARA	ERR3589589	AO	0.001	0	0	0	0	0	0	0	0	0.032	0.003	0.004	0.004	0.004	0.001	0	0.049
-27	TARA	ERR3589571	AO	0.001	0	0	0	0	0	0	0	0	0.02	0.003	0.003	0.004	0.003	0	0	0.034
-28	TARA	ERR3589576	AO	0.001	0	0	0	0	0	0	0	0	0.018	0.002	0.002	0.002	0.053	0.001	0	0.078
-29	TARA	ERR3589565	AO	0	0	0	0	0	0	0	0	0	0.026	0.003	0.003	0.002	0.192	0.003	0	0.229
-30	TARA	ERR3589587	AO	0	0	0	0	0	0	0	0	0	0.029	0.004	0.002	0.002	0.264	0.002	0	0.303
-31	TARA	ERR3589553	AO	0	0	0	0	0	0	0	0	0	0.035	0.003	0.003	0.003	0.006	0.001	0	0.051
-32	TARA	ERR3589582	AO	0	0	0	0	0	0	0	0	0	0.012	0.002	0.001	0.001	0.037	0.001	0	0.054
-33	TARA	ERR3589577	AO	0	0	0	0	0	0	0	0	0	0.038	0.004	0.005	0.004	0.005	0.001	0	0.057
-34	TARA	ERR3589579	AO	0	0	0	0	0	0	0	0	0	0.028	0.002	0.002	0.002	0.006	0.001	0	0.041
-35	TARA	ERR3589592	AO	0	0	0	0	0	0	0	0	0	0.019	0.003	0.001	0.001	0.773	0.003	0	0.801
-36	TARA	ERR3589555	AO	0	0	0	0	0	0	0	0	0	0.032	0.003	0.002	0.002	0.022	0.001	0	0.062
-37	TARA	ERR3589554	AO	0	0	0	0	0	0	0	0	0	0.037	0.003	0.003	0.002	0.009	0.001	0	0.055
-38	TARA	ERR3589588	AO	0	0	0	0	0	0	0	0	0	0.014	0.002	0.002	0.001	0.187	0.001	0	0.208
-39	TARA	ERR3589569	AO	0	0	0	0	0	0	0	0	0	0.018	0.001	0.001	0.002	0.011	0.001	0	0.034
-40	TARA	ERR3589575	AO	0	0	0	0	0	0	0	0	0	0.005	0.001	0.001	0.001	0.017	0	0	0.024
-41	TARA	ERR3589564	AO	0	0	0	0	0	0	0	0	0	0.003	0	0	0	0.043	0	0	0.048
-42	TARA	ERR598985	NAO	0.014	0.005	0.008	0.001	0	0	0	0	0	0.001	0	0	0	0.001	0	0	0.003
-43	TARA	ERR599166	NAO	0.005	0.001	0.001	0.002	0	0	0	0	0	0.001	0	0	0	0.001	0	0	0.003
-44	TARA	ERR599047	NAO	0.003	0.001	0.001	0.001	0	0	0	0	0	0.001	0	0	0	0	0	0	0.002
-45	TARA	ERR598964	NAO	0.002	0.001	0.001	0	0	0	0	0	0	0.001	0	0	0	0	0	0	0.002
-46	TARA	ERR598944	NAO	0.002	0.001	0.001	0.001	0	0	0	0	0	0.001	0	0.001	0	0.001	0	0	0.003
-47	TARA	ERR599100	NAO	0.002	0	0.001	0	0	0	0	0	0	0.002	0	0	0	0.001	0	0	0.004
-48	TARA	ERR599029	NAO	0.001	0	0	0	0.001	0	0	0	0	0.002	0	0	0.001	0.001	0.001	0.059	0.065
-49	TARA	ERR598958	NAO	0.001	0	0.001	0	0	0	0	0	0	0.001	0	0	0	0	0	0	0.002
-50	TARA	ERR599136	NAO	0.001	0	0	0.001	0.001	0	0	0	0	0.002	0	0	0.001	0.001	0	0	0.004
-51	TARA	ERR599003	NAO	0.001	0	0	0	0.001	0	0	0	0	0.003	0.001	0	0	0.001	0.288	0.001	0.295
-52	TARA	ERR598950	NAO	0.001	0	0	0	0.001	0	0	0	0	0.003	0	0	0	0.001	0.08	0.001	0.087
-53	TARA	ERR598955	NAO	0.001	0	0	0	0.001	0	0	0	0	0.003	0.001	0	0	0.001	0.267	0.001	0.273
-54	TARA	ERR599095	NAO	0.001	0	0	0	0	0	0	0	0	0.002	0	0	0	0.001	0.066	0.001	0.072
-55	TARA	ERR598968	NAO	0.001	0	0	0	0	0	0	0	0	0.002	0	0	0	0.001	0	0	0.004
-56	TARA	ERR598986	NAO	0.001	0	0	0	0	0	0	0	0	0.002	0	0	0	0.001	0.001	0	0.004
-57	TARA	ERR599001	NAO	0.001	0	0	0	0	0	0	0	0	0.002	0	0.001	0	0.001	0.003	0.001	0.008
-58	TARA	ERR599078	NAO	0	0	0	0	0	0	0	0	0	0.002	0	0.002	0	0.001	0.004	0.001	0.01
-59	TARA	ERR599123	NAO	0	0	0	0	0	0	0	0	0	0.002	0	0	0.001	0.001	0	0	0.005
-60	TARA	ERR598963	NAO	0	0	0	0	0	0	0	0	0	0.002	0	0	0	0.001	0	0	0.004
-61	TARA	ERR598976	NAO	0	0	0	0	0	0	0	0	0	0.002	0	0	0	0.001	0.001	0.001	0.005
-62	TARA	ERR599170	NAO	0	0	0	0	0	0	0	0	0	0.002	0	0	0	0.001	0.001	0.001	0.005
-63	TARA	ERR598996	NAO	0	0	0	0	0	0	0	0	0	0.002	0	0	0	0.001	0	0	0.004
-64	TARA	ERR598983	NAO	0	0	0	0	0	0	0	0	0	0.006	0.001	0	0	0.004	0.025	0	0.037
-65	TARA	ERR599044	SAO	0.013	0	0.001	0.012	0	0	0	0	0	0.002	0	0	0	0.001	0	0	0.004
-66	TARA	ERR599149	SAO	0.013	0	0.001	0.012	0	0	0	0	0	0.002	0	0	0	0.001	0	0	0.003
-67	TARA	ERR599131	SAO	0.008	0	0	0.007	0	0	0	0	0	0.001	0	0	0	0.001	0.001	0	0.004
-68	TARA	ERR598947	SAO	0.008	0	0	0.007	0	0	0	0	0	0.001	0	0	0	0.001	0.001	0	0.003
-69	TARA	ERR599000	SAO	0.002	0	0	0.001	0	0	0	0	0	0.001	0	0	0	0	0	0	0.002
-70	TARA	ERR599154	SAO	0.002	0	0	0.001	0	0	0	0	0	0.001	0	0	0	0	0	0	0.002
-71	TARA	ERR599159	SAO	0.001	0	0	0.001	0	0	0	0	0	0.001	0	0	0	0.001	0	0	0.002
-72	TARA	ERR599124	SAO	0.001	0	0	0.001	0	0	0	0	0	0.001	0	0	0	0.001	0	0	0.003
-73	TARA	ERR598994	SAO	0.001	0	0	0	0	0	0	0	0	0.129	0.042	0.027	0.002	1.511	1.452	0.001	3.164
-74	TARA	ERR599048	SAO	0.001	0	0	0.001	0	0	0	0	0	0.001	0	0	0	0.001	0	0	0.003
-75	TARA	ERR599035	SAO	0.001	0	0	0.001	0	0	0	0	0	0.03	0.005	0.007	0.002	1.944	0.003	0	1.991
-76	TARA	ERR599144	SAO	0.001	0	0	0	0	0	0	0	0	0.129	0.043	0.026	0.002	1.508	1.451	0.001	3.161
-77	TARA	ERR599107	SAO	0.001	0	0	0	0	0	0	0	0	0.002	0	0	0	0.002	0.002	0.001	0.008
-78	TARA	ERR599009	SAO	0.001	0	0	0	0	0	0	0	0	0.029	0.005	0.007	0.002	1.994	0.003	0	2.04
-79	TARA	ERR598982	SAO	0.001	0	0	0	0	0	0	0	0	0.002	0	0	0	0.002	0.002	0.001	0.008
-80	TARA	ERR599137	SAO	0.001	0	0	0	0	0	0	0	0	0.002	0	0	0	0.001	0	0	0.004
-81	TARA	ERR599148	SAO	0.001	0	0	0	0	0	0	0	0	0.001	0	0	0	0	0	0	0.002
-82	TARA	ERR599046	SAO	0.001	0	0	0	0	0	0	0	0	0.002	0	0	0	0.001	0	0	0.004
-83	TARA	ERR599005	SAO	0.001	0	0	0	0	0	0	0	0	0.001	0	0	0	0.001	0	0	0.003
-84	TARA	ERR599027	SAO	0.001	0	0	0	0	0	0	0	0	0.029	0.004	0.005	0.002	1.829	0.002	0	1.872
-85	TARA	ERR599122	SAO	0.001	0	0	0	0	0	0	0	0	0.027	0.004	0.005	0.002	1.91	0.002	0	1.95
-86	TARA	ERR599135	SAO	0.001	0	0	0	0	0	0	0	0	0.001	0	0	0	0	0	0.001	0.003
-87	TARA	ERR599040	SAO	0.001	0	0	0	0	0	0	0	0	0.001	0	0	0	0	0	0	0.002
-88	TARA	ERR599165	SAO	0.001	0	0	0	0	0	0	0	0	0.001	0	0	0	0	0	0.001	0.003
-89	TARA	ERR599101	SAO	0.001	0	0	0	0	0	0	0	0	0.001	0	0	0	0.001	0	0	0.004
-90	TARA	ERR599022	SAO	0.001	0	0	0	0	0	0	0	0	0.002	0	0	0	0.001	0.001	0.001	0.005
-91	TARA	ERR599010	SAO	0.001	0	0	0	0	0	0	0	0	0.001	0	0	0	0	0.002	0	0.004
-92	TARA	ERR599006	SAO	0	0	0	0	0	0	0	0	0	0.002	0	0	0	0.001	0.001	0	0.005
-93	TARA	ERR599126	SAO	0	0	0	0	0	0	0	0	0	0.001	0	0	0	0	0.002	0	0.004
-94	TARA	ERR599129	SAO	0	0	0	0	0	0	0	0	0	0.002	0	0.001	0	0.001	0.001	0	0.006
-95	TARA	ERR599174	SAO	0	0	0	0	0	0	0	0	0	0.002	0	0.001	0	0.001	0.001	0	0.006
-96	TARA	ERR599171	SAO	0	0	0	0	0	0	0	0	0	0.002	0	0.001	0	0.001	0.001	0	0.006
-97	TARA	ERR599173	SAO	0	0	0	0	0	0	0	0	0	0.002	0	0	0	0.002	0.003	0.001	0.009
-98	TARA	ERR599133	SAO	0	0	0	0	0	0	0	0	0	0.002	0	0	0	0.001	0	0	0.004
-99	TARA	ERR599068	SAO	0	0	0	0	0	0	0	0	0	0.002	0	0	0	0.002	0.003	0.001	0.008
-100	TARA	ERR598973	SAO	0	0	0	0	0	0	0	0	0	0.002	0	0	0	0.002	0.002	0.001	0.007
-101	TARA	ERR599103	SAO	0	0	0	0	0	0	0	0	0	0.001	0	0	0	0.001	0.001	0	0.004
-102	TARA	ERR599017	SAO	0	0	0	0	0	0	0	0	0	0.001	0	0	0	0.001	0.001	0	0.004
-103	TARA	ERR599056	SAO	0	0	0	0	0	0	0	0	0	0.002	0	0	0	0.001	0.001	0	0.004
-104	TARA	ERR598984	SAO	0	0	0	0	0	0	0	0	0	0.001	0	0	0	0.001	0	0	0.003
-105	TARA	ERR599105	SAO	0	0	0	0	0	0	0	0	0	0.001	0	0	0	0.001	0	0	0.003
-106	TARA	ERR598960	IO	0.007	0	0	0.006	0	0	0	0	0	0.001	0	0	0	0	0	0	0.002
-107	TARA	ERR599034	IO	0.007	0	0	0.006	0	0	0	0	0	0.001	0	0	0	0.001	0	0	0.002
-108	TARA	ERR599164	IO	0.003	0	0	0.002	0	0	0	0	0	0.001	0	0	0	0	0	0	0.002
-109	TARA	ERR599021	IO	0.003	0	0	0.002	0	0	0	0	0	0.001	0	0	0	0	0	0	0.002
-110	TARA	ERR599112	IO	0.002	0	0	0.001	0	0	0	0	0	0.001	0	0	0	0	0	0	0.003
-111	TARA	ERR599037	IO	0.001	0	0	0.001	0	0	0	0	0	0.001	0	0	0	0	0	0	0.002
-112	TARA	ERR599088	IO	0.001	0	0.001	0	0	0	0	0	0	0.002	0	0	0	0.001	0	0.001	0.004
-113	TARA	ERR599018	IO	0.001	0	0	0.001	0	0	0	0	0	0.002	0	0	0.001	0.001	0.001	0.002	0.007
-114	TARA	ERR599110	IO	0.001	0	0	0.001	0	0	0	0	0	0.002	0	0	0.001	0.001	0.001	0.002	0.007
-115	TARA	ERR598966	IO	0.001	0	0	0	0.001	0	0	0	0	0.002	0	0	0	0.001	0.004	0.042	0.05
-116	TARA	ERR598990	IO	0.001	0	0	0.001	0	0	0	0	0	0.002	0	0	0.001	0.001	0	0.002	0.007
-117	TARA	ERR599143	IO	0.001	0	0	0	0	0	0	0	0	0.002	0	0	0	0.001	0.003	0.038	0.045
-118	TARA	ERR599172	IO	0.001	0	0	0.001	0	0	0	0	0	0.001	0	0	0	0	0	0	0.002
-119	TARA	ERR598970	IO	0.001	0	0	0	0	0	0	0	0	0.002	0	0	0	0.001	0	0.001	0.004
-120	TARA	ERR599019	IO	0.001	0	0	0	0	0	0	0	0	0.002	0	0	0.001	0.001	0	0	0.005
-121	TARA	ERR598974	IO	0.001	0	0	0	0	0	0	0	0	0.002	0	0	0	0.001	0.002	0.036	0.042
-122	TARA	ERR599138	IO	0.001	0	0	0	0	0	0	0	0	0.002	0	0	0	0.001	0	0	0.005
-123	TARA	ERR599016	IO	0.001	0	0	0	0	0	0	0	0	0.002	0	0	0	0.001	0	0.001	0.005
-124	TARA	ERR599025	IO	0.001	0	0	0	0	0	0	0	0	0.003	0	0	0.001	0.001	0	0.001	0.006
-125	TARA	ERR599031	IO	0.001	0	0	0	0	0	0	0	0	0.001	0	0	0	0	0	0	0.002
-126	TARA	ERR599028	IO	0.001	0	0	0	0	0	0	0	0	0.002	0	0	0	0.001	0.002	0.036	0.042
-127	TARA	ERR599098	IO	0.001	0	0	0	0	0	0	0	0	0.002	0	0	0	0.001	0.001	0.001	0.005
-128	TARA	ERR599062	IO	0.001	0	0	0	0	0	0	0	0	0.001	0	0	0	0	0	0	0.002
-129	TARA	ERR599023	IO	0.001	0	0	0	0	0	0	0	0	0.003	0	0	0.001	0.001	0	0.001	0.006
-130	TARA	ERR599054	IO	0.001	0	0	0	0	0	0	0	0	0.002	0	0	0	0.001	0	0	0.004
-131	TARA	ERR598972	IO	0.001	0	0	0	0	0	0	0	0	0.003	0	0	0.001	0.001	0	0.001	0.006
-132	TARA	ERR599150	IO	0.001	0	0	0	0	0	0	0	0	0.002	0	0	0	0.001	0	0.001	0.004
-133	TARA	ERR599045	IO	0.001	0	0	0	0	0	0	0	0	0.002	0	0	0	0.001	0	0	0.004
-134	TARA	ERR599139	IO	0.001	0	0	0	0	0	0	0	0	0.002	0	0	0	0.001	0.001	0.001	0.005
-135	TARA	ERR599002	IO	0	0	0	0	0	0	0	0	0	0.002	0	0	0	0.001	0	0.001	0.005
-136	TARA	ERR599011	IO	0	0	0	0	0	0	0	0	0	0.002	0	0	0	0.001	0	0.001	0.004
-137	TARA	ERR599109	IO	0	0	0	0	0	0	0	0	0	0.001	0	0	0	0	0	0	0.003
-138	TARA	ERR599167	IO	0	0	0	0	0	0	0	0	0	0.001	0	0	0	0	0	0	0.003
-139	TARA	ERR599074	IO	0	0	0	0	0	0	0	0	0	0.002	0	0	0	0.001	0	0	0.004
-140	TARA	ERR599058	IO	0	0	0	0	0	0	0	0	0	0.002	0	0	0	0.001	0	0.007	0.012
-141	TARA	ERR599145	IO	0	0	0	0	0	0	0	0	0	0.002	0	0	0	0.001	0.001	0.001	0.004
-142	TARA	ERR599141	IO	0	0	0	0	0	0	0	0	0	0.002	0	0	0	0.001	0	0	0.004
-143	TARA	ERR599075	IO	0	0	0	0	0	0	0	0	0	0.002	0	0	0	0.001	0	0.001	0.004
-144	TARA	ERR599158	IO	0	0	0	0	0	0	0	0	0	0.002	0	0	0	0.001	0.001	0.015	0.019
-145	TARA	ERR598979	IO	0	0	0	0	0	0	0	0	0	0.002	0	0	0	0.001	0	0.001	0.005
-146	TARA	ERR598949	IO	0	0	0	0	0	0	0	0	0	0.002	0	0	0	0.001	0	0.001	0.004
-147	TARA	ERR599082	IO	0	0	0	0	0	0	0	0	0	0.002	0	0	0	0.001	0	0.001	0.004
-148	TARA	ERR599102	IO	0	0	0	0	0	0	0	0	0	0.002	0	0	0	0.001	0.001	0.015	0.018
-149	TARA	ERR598977	IO	0	0	0	0	0	0	0	0	0	0.001	0	0	0	0.001	0	0	0.003
-150	TARA	ERR599057	IO	0	0	0	0	0	0	0	0	0	0.002	0	0	0	0.001	0	0.002	0.005
-151	TARA	ERR599012	IO	0	0	0	0	0	0	0	0	0	0.002	0	0	0	0.001	0	0.005	0.008
-152	TARA	ERR599053	IO	0	0	0	0	0	0	0	0	0	0.001	0	0	0	0.001	0	0	0.003
-153	TARA	ERR599026	IO	0	0	0	0	0	0	0	0	0	0.002	0	0	0	0.001	0	0.002	0.005
-154	TARA	ERR599146	IO	0	0	0	0	0	0	0	0	0	0.002	0	0	0	0.001	0	0.001	0.004
-155	TARA	ERR599130	IO	0	0	0	0	0	0	0	0	0	0.001	0	0	0	0.001	0	0	0.003
-156	TARA	ERR599013	IO	0	0	0	0	0	0	0	0	0	0.001	0	0	0	0.001	0	0	0.003
-157	TARA	ERR315862	MS	0.089	0.065	0.024	0	0	0	0	0	0	0.001	0	0	0	0.001	0.076	0	0.079
-158	TARA	ERR315861	MS	0.035	0	0.005	0.029	0.001	0	0	0	0	0.005	0.001	0.001	0.001	0.002	0.391	0.005	0.404
-159	TARA	ERR315858	MS	0.034	0	0.005	0.028	0.001	0	0	0	0	0.005	0.001	0	0.001	0.001	0.39	0.005	0.402
-160	TARA	ERR315860	MS	0.01	0	0	0.009	0	0	0	0	0	0.003	0.001	0.001	0.001	0.001	0.374	0.001	0.382
-161	TARA	ERR315859	MS	0.009	0	0	0.008	0	0	0	0	0	0.003	0.001	0	0.001	0.001	0.372	0.001	0.38
-162	TARA	ERR315857	MS	0.004	0	0	0.003	0	0	0	0	0	0.004	0.001	0.001	0.001	0.002	0.216	0.002	0.225
-163	TARA	ERR315863	MS	0.003	0	0	0.002	0	0	0	0	0	0.003	0	0	0.001	0.001	0.143	0.001	0.15
-164	TARA	ERR315856	MS	0.002	0	0	0.002	0.001	0	0	0	0	0.009	0.002	0.001	0.001	0.017	0.49	0.007	0.527
-165	TARA	ERR318619	MS	0.002	0	0	0.001	0.001	0	0	0	0	0.006	0.001	0.001	0.001	0.003	0.157	0.001	0.168
-166	TARA	ERR318621	MS	0.002	0	0	0.001	0.001	0	0	0	0	0.006	0.001	0.001	0.001	0.002	0.16	0.001	0.172
-167	TARA	ERR318618	MS	0.002	0	0	0.001	0	0	0	0	0	0.002	0	0	0.001	0.001	0.068	0	0.073
-168	TARA	ERR594317	MS	0.002	0	0	0.001	0	0	0	0	0	0.003	0	0	0	0.001	0.221	0.001	0.227
-169	TARA	ERR318620	MS	0.001	0	0	0.001	0	0	0	0	0	0.002	0	0	0.001	0.001	0.061	0	0.066
-170	TARA	ERR598951	MS	0.001	0	0	0	0.001	0	0	0	0	0.004	0.001	0.001	0.001	0.001	0.689	0.003	0.699
-171	TARA	ERR594288	MS	0.001	0	0	0	0.001	0	0	0	0	0.003	0	0	0	0.001	0.234	0.001	0.24
-172	TARA	ERR594316	MS	0.001	0	0	0	0.001	0	0	0	0	0.003	0	0	0	0.001	0.22	0.001	0.226
-173	TARA	ERR599153	MS	0.001	0	0	0.001	0	0	0	0	0	0.002	0	0	0	0.001	0.051	0	0.055
-174	TARA	ERR599043	MS	0.001	0	0	0	0	0	0	0	0	0.003	0.001	0.001	0.001	0.001	0.627	0.003	0.637
-175	TARA	ERR599094	MS	0.001	0	0	0.001	0	0	0	0	0	0.002	0	0	0	0.001	0.049	0	0.053
-176	TARA	ERR594315	MS	0.001	0	0	0	0.001	0	0	0	0	0.003	0	0	0	0.001	0.022	0.001	0.027
-177	TARA	ERR594329	MS	0.001	0	0	0	0	0	0	0	0	0.002	0	0	0	0.001	0.021	0.001	0.026
-178	TARA	ERR599073	MS	0.001	0	0	0	0	0	0	0	0	0.002	0	0	0	0.001	0.041	0	0.046
-179	TARA	ERR599092	MS	0.001	0	0	0	0	0	0	0	0	0.002	0	0	0	0.001	0.039	0	0.043
-180	TARA	ERR599140	MS	0.001	0	0	0	0	0	0	0	0	0.002	0	0	0	0.001	0.046	0	0.05
-181	TARA	ERR598993	MS	0.001	0	0	0	0	0	0	0	0	0.002	0	0	0	0.001	0.042	0	0.047
-182	TARA	ERR599067	NPO	0.002	0.001	0.001	0.001	0	0	0	0	0	0.002	0	0	0	0.001	0	0	0.003
-183	TARA	ERR598971	NPO	0.002	0	0.001	0.001	0	0	0	0	0	0.002	0	0	0	0.001	0	0	0.003
-184	TARA	ERR599115	NPO	0.001	0	0	0.001	0	0	0	0	0	0.001	0	0.001	0.001	0.001	0.002	0	0.006
-185	TARA	ERR598997	NPO	0.001	0	0	0	0	0	0	0	0	0.003	0	0	0	0.001	0.001	0.002	0.007
-186	TARA	ERR599118	NPO	0.001	0	0	0	0	0	0	0	0	0.002	0	0	0	0.001	0.001	0.001	0.007
-187	TARA	ERR599108	NPO	0.001	0	0	0	0	0	0	0	0	0.002	0	0	0	0.001	0.001	0.001	0.007
-188	TARA	ERR599065	NPO	0.001	0	0	0	0	0	0	0	0	0.002	0	0	0	0.001	0.001	0.001	0.007
-189	TARA	ERR598952	NPO	0.001	0	0	0	0	0	0	0	0	0.002	0	0	0	0.001	0.001	0.001	0.007
-190	TARA	ERR599052	NPO	0.001	0	0	0	0	0	0	0	0	0.003	0.001	0.001	0	0.001	0.334	0.001	0.341
-191	TARA	ERR598980	NPO	0.001	0	0	0	0	0	0	0	0	0.001	0	0	0	0.001	0	0	0.002
-192	TARA	ERR599142	NPO	0.001	0	0	0	0	0	0	0	0	0.002	0	0	0	0.001	0.003	0	0.007
-193	TARA	ERR599152	NPO	0.001	0	0	0	0	0	0	0	0	0.001	0	0	0	0	0	0	0.002
-194	TARA	ERR599051	NPO	0.001	0	0	0	0	0	0	0	0	0.001	0	0	0	0	0	0	0.002
-195	TARA	ERR599015	NPO	0.001	0	0	0	0	0	0	0	0	0.001	0	0	0	0	0	0	0.002
-196	TARA	ERR599076	NPO	0.001	0	0	0	0	0	0	0	0	0.001	0	0	0	0	0	0	0.002
-197	TARA	ERR599004	NPO	0.001	0	0	0	0	0	0	0	0	0.001	0	0	0	0	0	0	0.002
-198	TARA	ERR599060	NPO	0.001	0	0	0	0	0	0	0	0	0.001	0	0	0	0	0	0	0.002
-199	TARA	ERR599127	NPO	0.001	0	0	0	0	0	0	0	0	0.001	0	0	0	0	0	0	0.002
-200	TARA	ERR598989	NPO	0.001	0	0	0	0	0	0	0	0	0.002	0	0	0	0.001	0.001	0.001	0.005
-201	TARA	ERR599175	NPO	0.001	0	0	0	0	0	0	0	0	0.001	0	0	0	0	0	0	0.002
-202	TARA	ERR598942	NPO	0	0	0	0	0	0	0	0	0	0.003	0.001	0.001	0	0.007	0.091	0.001	0.104
-203	TARA	ERR599162	NPO	0	0	0	0	0	0	0	0	0	0.002	0	0	0	0.001	0.001	0.002	0.006
-204	TARA	ERR599030	NPO	0	0	0	0	0	0	0	0	0	0.002	0	0	0	0.001	0	0	0.004
-205	TARA	ERR599070	NPO	0	0	0	0	0	0	0	0	0	0.001	0	0	0	0	0	0	0.003
-206	TARA	ERR599147	NPO	0	0	0	0	0	0	0	0	0	0.001	0	0	0	0	0	0	0.003
-207	TARA	ERR599099	NPO	0	0	0	0	0	0	0	0	0	0.001	0	0	0	0	0	0	0.003
-208	TARA	ERR598987	NPO	0	0	0	0	0	0	0	0	0	0.001	0	0	0	0	0	0	0.003
-209	TARA	ERR598995	NPO	0	0	0	0	0	0	0	0	0	0.001	0	0	0	0	0	0	0.002
-210	TARA	ERR599087	NPO	0	0	0	0	0	0	0	0	0	0.001	0	0	0	0.001	0	0	0.003
-211	TARA	ERR599072	SPO	0.009	0.003	0.004	0.001	0	0	0	0	0	0.001	0	0	0	0	0	0	0.002
-212	TARA	ERR599132	SPO	0.002	0.001	0.001	0	0	0	0	0	0	0.001	0	0	0	0	0	0	0.002
-213	TARA	ERR599055	SPO	0.002	0.001	0.001	0	0	0	0	0	0	0.001	0	0	0	0	0	0	0.002
-214	TARA	ERR599128	SPO	0.002	0.001	0.001	0	0	0	0	0	0	0.001	0	0	0	0	0	0	0.002
-215	TARA	ERR599086	SPO	0.001	0	0	0.001	0	0	0	0	0	0.001	0	0	0	0	0	0	0.002
-216	TARA	ERR599096	SPO	0.001	0	0	0	0	0	0	0	0	0.001	0	0	0	0	0	0	0.003
-217	TARA	ERR599020	SPO	0.001	0	0	0	0	0	0	0	0	0.002	0	0	0	0.001	0	0	0.004
-218	TARA	ERR598957	SPO	0.001	0	0	0	0	0	0	0	0	0.002	0	0	0	0.001	0	0	0.003
-219	TARA	ERR599071	SPO	0.001	0	0	0.001	0	0	0	0	0	0.001	0	0	0	0	0	0	0.002
-220	TARA	ERR599033	SPO	0.001	0	0	0	0	0	0	0	0	0.001	0	0	0	0	0	0	0.003
-221	TARA	ERR598999	SPO	0.001	0	0	0	0	0	0	0	0	0.001	0	0	0	0	0	0	0.003
-222	TARA	ERR599083	SPO	0.001	0	0	0	0	0	0	0	0	0.001	0	0	0	0	0	0	0.003
-223	TARA	ERR599085	SPO	0.001	0	0	0.001	0	0	0	0	0	0.001	0	0	0	0	0	0	0.002
-224	TARA	ERR588857	SPO	0.001	0	0	0	0.001	0	0	0	0	0.002	0	0	0.001	0.001	0.001	0.005	0.01
-225	TARA	ERR598965	SPO	0.001	0	0	0	0.001	0	0	0	0	0.016	0.004	0.002	0.001	0.105	0.174	0.001	0.304
-226	TARA	ERR599080	SPO	0.001	0	0	0	0	0	0	0	0	0.002	0	0	0	0.001	0.001	0.002	0.007
-227	TARA	ERR599069	SPO	0.001	0	0	0	0	0	0	0	0	0.002	0	0	0.001	0.001	0.001	0.002	0.007
-228	TARA	ERR599032	SPO	0.001	0	0	0	0.001	0	0	0	0	0.002	0	0	0	0.001	0.001	0.001	0.005
-229	TARA	ERR599036	SPO	0.001	0	0	0	0	0	0	0	0	0.003	0	0	0	0.001	0.001	0.002	0.007
-230	TARA	ERR599151	SPO	0.001	0	0	0	0	0	0	0	0	0.002	0	0	0	0.001	0.001	0.002	0.007
-231	TARA	ERR599038	SPO	0.001	0	0	0	0	0	0	0	0	0.002	0	0	0	0.001	0.001	0.001	0.006
-232	TARA	ERR599039	SPO	0.001	0	0	0	0.001	0	0	0	0	0.002	0	0	0	0.001	0.001	0.001	0.007
-233	TARA	ERR598956	SPO	0.001	0	0	0	0	0	0	0	0	0.002	0	0	0	0.001	0	0	0.003
-234	TARA	ERR599063	SPO	0.001	0	0	0	0.001	0	0	0	0	0.003	0	0	0	0.001	0.002	0.002	0.008
-235	TARA	ERR598943	SPO	0.001	0	0	0	0	0	0	0	0	0.003	0	0.001	0	0.001	0.001	0.001	0.007
-236	TARA	ERR599163	SPO	0.001	0	0	0	0	0	0	0	0	0.003	0	0	0	0.001	0.002	0.002	0.008
-237	TARA	ERR599113	SPO	0.001	0	0	0	0	0	0	0	0	0.002	0	0	0	0.001	0.001	0.001	0.005
-238	TARA	ERR599157	SPO	0.001	0	0	0	0	0	0	0	0	0.002	0	0	0	0.001	0	0.001	0.003
-239	TARA	ERR599066	SPO	0.001	0	0	0	0	0	0	0	0	0.002	0	0	0	0.001	0.001	0.001	0.006
-240	TARA	ERR599161	SPO	0.001	0	0	0	0	0	0	0	0	0.002	0	0	0	0.001	0.001	0.003	0.007
-241	TARA	ERR598978	SPO	0.001	0	0	0	0	0	0	0	0	0.002	0	0	0	0.001	0.001	0.001	0.007
-242	TARA	ERR599050	SPO	0.001	0	0	0	0	0	0	0	0	0.003	0	0	0	0.001	0.005	0.001	0.011
-243	TARA	ERR599169	SPO	0.001	0	0	0	0	0	0	0	0	0.002	0	0	0	0.001	0.002	0.002	0.008
-244	TARA	ERR599081	SPO	0.001	0	0	0	0	0	0	0	0	0.002	0	0	0	0.001	0.001	0.001	0.005
-245	TARA	ERR599117	SPO	0.001	0	0	0	0	0	0	0	0	0.002	0	0	0	0.001	0	0	0.004
-246	TARA	ERR598988	SPO	0.001	0	0	0	0	0	0	0	0	0.002	0	0	0	0.001	0.001	0.003	0.007
-247	TARA	ERR599156	SPO	0.001	0	0	0	0	0	0	0	0	0.001	0	0	0	0.001	0	0	0.003
-248	TARA	ERR598961	SPO	0.001	0	0	0	0	0	0	0	0	0.002	0	0	0	0.001	0.001	0	0.005
-249	TARA	ERR599091	SPO	0.001	0	0	0	0	0	0	0	0	0.002	0	0	0	0.001	0.001	0.001	0.006
-250	TARA	ERR599089	SPO	0.001	0	0	0	0	0	0	0	0	0.002	0	0	0	0.001	0.001	0.003	0.007
-251	TARA	ERR599114	SPO	0.001	0	0	0	0	0	0	0	0	0.002	0	0	0	0.001	0.001	0.001	0.006
-252	TARA	ERR599160	SPO	0.001	0	0	0	0	0	0	0	0	0.002	0	0	0	0.001	0.001	0.037	0.041
-253	TARA	ERR599119	SPO	0.001	0	0	0	0	0	0	0	0	0.002	0	0	0.001	0.001	0.001	0.001	0.006
-254	TARA	ERR598998	SPO	0.001	0	0	0	0	0	0	0	0	0.002	0	0	0	0.001	0	0.001	0.004
-255	TARA	ERR599077	SPO	0.001	0	0	0	0	0	0	0	0	0.002	0	0	0	0.001	0.002	0.001	0.006
-256	TARA	ERR598992	SPO	0.001	0	0	0	0	0	0	0	0	0.002	0	0	0	0.001	0.001	0.001	0.005
-257	TARA	ERR598962	SPO	0.001	0	0	0	0	0	0	0	0	0.002	0	0.001	0	0.001	0.002	0.001	0.008
-258	TARA	ERR599084	SPO	0.001	0	0	0	0	0	0	0	0	0.002	0	0	0	0.001	0.001	0.003	0.007
-259	TARA	ERR598967	SPO	0.001	0	0	0	0	0	0	0	0	0.003	0	0	0.001	0.001	0.022	0	0.027
-260	TARA	ERR599014	SPO	0.001	0	0	0	0	0	0	0	0	0.002	0	0	0	0.001	0.001	0.001	0.005
-261	TARA	ERR599120	SPO	0.001	0	0	0	0	0	0	0	0	0.002	0	0	0.001	0.001	0.024	0	0.028
-262	TARA	ERR598948	SPO	0	0	0	0	0	0	0	0	0	0.002	0	0	0	0.001	0	0	0.004
-263	TARA	ERR599093	SPO	0	0	0	0	0	0	0	0	0	0.002	0	0	0.001	0.001	0.022	0	0.027
-264	TARA	ERR598946	SPO	0	0	0	0	0	0	0	0	0	0.001	0	0	0	0	0	0	0.003
-265	TARA	ERR598953	SPO	0	0	0	0	0	0	0	0	0	0.001	0	0	0	0	0	0	0.003
-266	TARA	ERR599007	SPO	0	0	0	0	0	0	0	0	0	0.002	0	0.001	0	0.001	0.002	0.001	0.008
-267	TARA	ERR599042	SPO	0	0	0	0	0	0	0	0	0	0.002	0	0	0	0.001	0	0	0.004
-268	TARA	ERR599064	SPO	0	0	0	0	0	0	0	0	0	0.005	0.001	0.001	0	0.054	0.114	0.001	0.177
-269	TARA	ERR599168	SPO	0	0	0	0	0	0	0	0	0	0.002	0	0.001	0	0.001	0.002	0.001	0.007
-270	TARA	ERR598981	SPO	0	0	0	0	0	0	0	0	0	0.001	0	0	0	0.001	0	0	0.003
-271	TARA	ERR599024	SPO	0	0	0	0	0	0	0	0	0	0.002	0	0	0	0.001	0.014	0	0.019
-272	TARA	ERR598954	SPO	0	0	0	0	0	0	0	0	0	0.002	0	0	0	0.001	0.005	0	0.008
-273	TARA	ERR599079	SPO	0	0	0	0	0	0	0	0	0	0.002	0	0	0	0.001	0	0	0.003
-274	TARA	ERR599134	RS	0.001	0	0	0	0	0	0	0	0	0.002	0	0	0	0.001	0.001	0.008	0.013
-275	TARA	ERR598959	RS	0.001	0	0	0	0	0	0	0	0	0.002	0	0	0	0.001	0.001	0.001	0.006
-276	TARA	ERR599049	RS	0.001	0	0	0	0	0	0	0	0	0.002	0	0	0	0.001	0.001	0.008	0.012
-277	TARA	ERR599111	RS	0.001	0	0	0	0	0	0	0	0	0.001	0	0	0	0	0	0	0.002
-278	TARA	ERR598991	RS	0.001	0	0	0	0	0	0	0	0	0.002	0	0	0	0.001	0.001	0.001	0.005
-279	TARA	ERR598975	RS	0.001	0	0	0	0	0	0	0	0	0.001	0	0	0	0.001	0	0	0.002
-280	TARA	ERR598969	RS	0.001	0	0	0	0	0	0	0	0	0.002	0	0	0	0.001	0.001	0.001	0.005
-281	TARA	ERR599106	RS	0.001	0	0	0	0	0	0	0	0	0.002	0	0	0	0.001	0.001	0.001	0.005
-282	TARA	ERR599097	RS	0	0	0	0	0	0	0	0	0	0.001	0	0	0	0.001	0	0	0.003
-283	TARA	ERR599061	RS	0	0	0	0	0	0	0	0	0	0.002	0	0	0	0.001	0	0	0.004
-284	TARA	ERR599116	RS	0	0	0	0	0	0	0	0	0	0.001	0	0	0	0.001	0	0	0.003
-285	TARA	ERR599041	RS	0	0	0	0	0	0	0	0	0	0.001	0	0	0	0.001	0	0	0.003
-286	TARA	ERR599155	RS	0	0	0	0	0	0	0	0	0	0.001	0	0	0	0.001	0	0	0.003
-287	TARA	ERR599125	SO	0.012	0	0	0.011	0	0	0	0	0	0.001	0	0	0	0	0	0	0.002
-288	TARA	ERR599008	SO	0.012	0	0	0.011	0	0	0	0	0	0.001	0	0	0	0	0	0	0.002
-289	TARA	ERR599059	SO	0.001	0	0	0	0	0	0	0	0	0.03	0.002	0.002	0.002	0.011	0.003	0.001	0.051
-290	TARA	ERR598945	SO	0.001	0	0	0	0	0	0	0	0	0.031	0.002	0.002	0.002	0.011	0.003	0.001	0.052
-291	TARA	ERR599121	SO	0.001	0	0	0.001	0	0	0	0	0	0.009	0	0.001	0.001	0.002	0.001	0	0.013
-292	TARA	ERR599104	SO	0.001	0	0	0	0	0	0	0	0	0.009	0	0.001	0.001	0.002	0	0	0.013
-293	TARA	ERR599176	SO	0	0	0	0	0	0	0	0	0	0.01	0.001	0.001	0.001	0.003	0.001	0	0.015
-294	TARA	ERR599090	SO	0	0	0	0	0	0	0	0	0	0.01	0.001	0.001	0.001	0.003	0.001	0	0.015
-295	geotraces	SRR5788064	NAO	0.103	0	0.006	0.097	0	0	0	0	0	0.001	0	0	0	0.001	0	0	0.003
-296	geotraces	SRR5788407	NAO	0.04	0	0.002	0.038	0	0	0	0	0	0.002	0	0	0	0.001	0	0	0.003
-297	geotraces	SRR5788195	NAO	0.036	0	0.002	0.034	0	0	0	0	0	0.002	0	0	0	0.001	0	0	0.003
-298	geotraces	SRR5788204	NAO	0.028	0	0.001	0.027	0	0	0	0	0	0.002	0	0	0	0.001	0	0	0.003
-299	geotraces	SRR5788376	NAO	0.021	0	0.001	0.02	0	0	0	0	0	0.002	0	0	0	0.001	0.02	0	0.023
-300	geotraces	SRR5788408	NAO	0.018	0	0.001	0.017	0	0	0	0	0	0.002	0	0	0	0.001	0	0	0.003
-301	geotraces	SRR5788425	NAO	0.016	0	0.001	0.015	0	0	0	0	0	0.002	0	0	0	0.001	0	0	0.003
-302	geotraces	SRR5788448	NAO	0.015	0	0.001	0.014	0	0	0	0	0	0.002	0	0	0	0.001	0	0	0.003
-303	geotraces	SRR5788213	NAO	0.013	0	0.001	0.012	0	0	0	0	0	0.002	0	0	0	0.001	0	0	0.003
-304	geotraces	SRR5788036	NAO	0.013	0	0.001	0.012	0.001	0	0	0	0	0.002	0	0	0	0.001	0	0	0.004
-305	geotraces	SRR5788454	NAO	0.012	0	0.001	0.011	0	0	0	0	0	0.002	0	0	0	0.001	0	0	0.004
-306	geotraces	SRR5788107	NAO	0.012	0	0.001	0.011	0	0	0	0	0	0.002	0	0	0	0.001	0	0	0.004
-307	geotraces	SRR5788453	NAO	0.01	0	0	0.009	0	0	0	0	0	0.002	0	0	0	0.001	0	0	0.003
-308	geotraces	SRR5788409	NAO	0.009	0	0	0.009	0	0	0	0	0	0.002	0	0	0	0.001	0	0	0.004
-309	geotraces	SRR5788068	NAO	0.009	0	0	0.008	0	0	0	0	0	0.004	0	0.001	0.001	0.001	0.006	0.001	0.013
-310	geotraces	SRR5788066	NAO	0.009	0	0	0.008	0	0	0	0	0	0.002	0	0	0	0.001	0.001	0	0.004
-311	geotraces	SRR5788139	NAO	0.009	0	0	0.008	0	0	0	0	0	0.002	0	0	0	0.001	0	0	0.003
-312	geotraces	SRR5788452	NAO	0.009	0	0	0.008	0	0	0	0	0	0.002	0	0	0	0.001	0	0	0.004
-313	geotraces	SRR5788081	NAO	0.008	0	0	0.008	0	0	0	0	0	0.002	0	0	0	0.001	0	0	0.003
-314	geotraces	SRR5788426	NAO	0.008	0	0	0.007	0	0	0	0	0	0.002	0	0	0	0.001	0	0	0.003
-315	geotraces	SRR5788067	NAO	0.008	0	0.001	0.007	0	0	0	0	0	0.002	0	0	0	0.001	0	0	0.004
-316	geotraces	SRR5788009	NAO	0.008	0	0	0.007	0	0	0	0	0	0.002	0	0	0	0.001	0	0	0.003
-317	geotraces	SRR5788062	NAO	0.008	0	0	0.007	0	0	0	0	0	0.003	0	0	0.001	0.001	0	0	0.006
-318	geotraces	SRR5788215	NAO	0.008	0	0	0.007	0	0	0	0	0	0.002	0	0	0	0.001	0	0	0.004
-319	geotraces	SRR5788375	NAO	0.008	0	0	0.007	0	0	0	0	0	0.002	0	0	0	0.001	0.057	0	0.062
-320	geotraces	SRR5788228	NAO	0.007	0	0	0.006	0	0	0	0	0	0.001	0	0	0	0.001	0	0	0.003
-321	geotraces	SRR5788111	NAO	0.007	0	0	0.006	0	0	0	0	0	0.001	0	0	0	0	0	0	0.002
-322	geotraces	SRR5788320	NAO	0.007	0	0	0.006	0	0	0	0	0	0.002	0	0	0	0.001	0	0	0.003
-323	geotraces	SRR5788253	NAO	0.006	0	0	0.006	0	0	0	0	0	0.003	0	0	0.001	0.002	0.036	0.001	0.043
-324	geotraces	SRR5788410	NAO	0.006	0	0	0.006	0	0	0	0	0	0.002	0	0	0	0.001	0	0	0.004
-325	geotraces	SRR5788061	NAO	0.006	0	0	0.005	0	0	0	0	0	0.003	0	0	0.001	0.001	0.001	0	0.007
-326	geotraces	SRR5788214	NAO	0.006	0	0	0.005	0	0	0	0	0	0.002	0	0	0	0.001	0	0	0.004
-327	geotraces	SRR5788089	NAO	0.005	0	0	0.005	0	0	0	0	0	0.002	0	0	0	0.001	0.006	0.001	0.011
-328	geotraces	SRR5788006	NAO	0.005	0	0	0.004	0	0	0	0	0	0.003	0	0	0.001	0.001	0.005	0	0.011
-329	geotraces	SRR5788252	NAO	0.005	0	0	0.004	0	0	0	0	0	0.003	0	0	0.001	0.002	0.044	0.001	0.051
-330	geotraces	SRR5788087	NAO	0.005	0	0	0.004	0	0	0	0	0	0.003	0	0	0	0.001	0.086	0	0.092
-331	geotraces	SRR5788225	NAO	0.005	0	0	0.004	0	0	0	0	0	0.002	0	0	0	0.001	0	0	0.004
-332	geotraces	SRR5788455	NAO	0.005	0	0	0.004	0	0	0	0	0	0.002	0	0	0	0.001	0	0	0.003
-333	geotraces	SRR5788069	NAO	0.004	0	0	0.004	0	0	0	0	0	0.002	0	0	0	0.001	0	0	0.004
-334	geotraces	SRR5788315	NAO	0.004	0	0	0.004	0	0	0	0	0	0.002	0	0	0	0.001	0.001	0	0.004
-335	geotraces	SRR5788313	NAO	0.004	0	0	0.004	0	0	0	0	0	0.003	0	0	0.001	0.001	0.004	0	0.009
-336	geotraces	SRR5788070	NAO	0.004	0	0	0.004	0	0	0	0	0	0.002	0	0	0	0.001	0	0	0.003
-337	geotraces	SRR5788010	NAO	0.004	0	0	0.004	0	0	0	0	0	0.002	0	0	0	0.001	0	0	0.004
-338	geotraces	SRR5788254	NAO	0.004	0	0	0.004	0	0	0	0	0	0.003	0	0	0	0.001	0.001	0	0.006
-339	geotraces	SRR5788322	NAO	0.004	0	0	0.004	0	0	0	0	0	0.002	0	0	0	0.001	0	0	0.003
-340	geotraces	SRR5788117	NAO	0.004	0	0	0.003	0	0	0	0	0	0.002	0	0	0	0.001	0.027	0	0.031
-341	geotraces	SRR5788449	NAO	0.004	0	0	0.003	0	0	0	0	0	0.002	0	0	0	0.001	0	0	0.005
-342	geotraces	SRR5788085	NAO	0.004	0	0	0.003	0	0	0	0	0	0.003	0	0	0.001	0.001	0.004	0	0.01
-343	geotraces	SRR5788414	NAO	0.004	0	0	0.003	0	0	0	0	0	0.002	0	0	0	0.001	0	0	0.004
-344	geotraces	SRR5788226	NAO	0.004	0	0	0.003	0	0	0	0	0	0.002	0	0	0	0.001	0	0	0.004
-345	geotraces	SRR5788321	NAO	0.004	0	0	0.003	0	0	0	0	0	0.002	0	0	0	0.001	0	0	0.003
-346	geotraces	SRR5788432	NAO	0.004	0	0	0.003	0.001	0	0	0	0	0.004	0	0.001	0.001	0.002	0.002	0.001	0.011
-347	geotraces	SRR5788115	NAO	0.004	0	0	0.003	0	0	0	0	0	0.002	0	0	0	0.001	0	0	0.003
-348	geotraces	SRR5788412	NAO	0.004	0	0	0.003	0	0	0	0	0	0.002	0	0	0	0.001	0	0	0.004
-349	geotraces	SRR5788289	NAO	0.003	0	0	0.003	0	0	0	0	0	0.001	0	0	0	0.001	0	0	0.003
-350	geotraces	SRR5788065	NAO	0.003	0	0	0.003	0	0	0	0	0	0.003	0	0	0.001	0.002	0.001	0	0.008
-351	geotraces	SRR5788336	NAO	0.003	0	0	0.003	0	0	0	0	0	0.001	0	0	0	0.001	0	0	0.003
-352	geotraces	SRR5788411	NAO	0.003	0	0	0.003	0	0	0	0	0	0.002	0	0	0	0.001	0	0	0.005
-353	geotraces	SRR5788013	NAO	0.003	0	0	0.003	0	0	0	0	0	0.002	0	0	0	0.002	0.001	0.001	0.007
-354	geotraces	SRR5788082	NAO	0.003	0	0	0.003	0	0	0	0	0	0.002	0	0	0	0.001	0	0	0.003
-355	geotraces	SRR5788413	NAO	0.003	0	0	0.003	0	0	0	0	0	0.002	0	0	0	0.001	0	0	0.004
-356	geotraces	SRR5788369	NAO	0.003	0	0	0.002	0	0	0	0	0	0.003	0	0.001	0	0.001	0.001	0	0.006
-357	geotraces	SRR5788194	NAO	0.003	0	0	0.002	0	0	0	0	0	0.003	0	0	0	0.001	0.001	0.002	0.008
-358	geotraces	SRR5788318	NAO	0.003	0	0	0.003	0	0	0	0	0	0.003	0	0	0.001	0.001	0	0	0.006
-359	geotraces	SRR5788314	NAO	0.003	0	0	0.003	0	0	0	0	0	0.002	0	0	0	0.001	0.001	0	0.004
-360	geotraces	SRR5788288	NAO	0.003	0	0	0.003	0	0	0	0	0	0.002	0	0	0	0.007	0.001	0	0.011
-361	geotraces	SRR5788366	NAO	0.003	0	0	0.002	0	0	0	0	0	0.003	0	0	0	0.004	0.001	0	0.01
-362	geotraces	SRR5788144	NAO	0.003	0	0	0.002	0	0	0	0	0	0.001	0	0	0	0.001	0.001	0.002	0.006
-363	geotraces	SRR5788249	NAO	0.003	0	0	0.002	0	0	0	0	0	0.002	0	0	0	0.001	0	0	0.004
-364	geotraces	SRR5788201	NAO	0.003	0	0	0.002	0	0	0	0	0	0.002	0	0	0	0.001	0	0	0.003
-365	geotraces	SRR5788142	NAO	0.003	0	0	0.002	0	0	0	0	0	0.003	0	0	0.001	0.002	0.001	0	0.007
-366	geotraces	SRR5788084	NAO	0.003	0	0	0.002	0	0	0	0	0	0.002	0	0	0	0.001	0	0	0.004
-367	geotraces	SRR5788374	NAO	0.003	0	0	0.002	0.001	0	0	0	0	0.004	0	0.001	0.001	0.004	0.002	0.001	0.012
-368	geotraces	SRR5788007	NAO	0.003	0	0	0.002	0	0	0	0	0	0.002	0	0	0	0.001	0	0	0.003
-369	geotraces	SRR5788312	NAO	0.003	0	0	0.002	0	0	0	0	0	0.002	0	0	0	0.001	0.001	0	0.005
-370	geotraces	SRR5788198	NAO	0.003	0	0	0.002	0	0	0	0	0	0.002	0	0	0	0.001	0	0	0.004
-371	geotraces	SRR5788217	NAO	0.003	0	0	0.002	0	0	0	0	0	0.002	0	0	0	0.001	0	0	0.004
-372	geotraces	SRR5788317	NAO	0.003	0	0	0.002	0	0	0	0	0	0.003	0	0	0.001	0.001	0	0	0.005
-373	geotraces	SRR5788222	NAO	0.003	0	0	0.002	0	0	0	0	0	0.002	0	0	0	0.001	0	0	0.003
-374	geotraces	SRR5788429	NAO	0.003	0	0	0.002	0	0	0	0	0	0.003	0	0	0	0.003	0.001	0	0.008
-375	geotraces	SRR5788341	NAO	0.002	0	0	0.002	0	0	0	0	0	0.003	0	0.001	0.001	0.001	0	0	0.006
-376	geotraces	SRR5788086	NAO	0.002	0	0	0.002	0	0	0	0	0	0.002	0	0	0	0.001	0	0	0.004
-377	geotraces	SRR5788251	NAO	0.002	0	0	0.002	0	0	0	0	0	0.002	0	0	0	0.001	0	0	0.003
-378	geotraces	SRR5788282	NAO	0.002	0	0	0.002	0	0	0	0	0	0.002	0	0	0	0.001	0	0	0.004
-379	geotraces	SRR5788379	NAO	0.002	0	0	0.002	0	0	0	0	0	0.001	0	0	0	0	0	0	0.002
-380	geotraces	SRR5787993	NAO	0.002	0	0	0.002	0	0	0	0	0	0.002	0	0	0	0.001	0	0	0.003
-381	geotraces	SRR5788008	NAO	0.002	0	0	0.002	0	0	0	0	0	0.002	0	0	0	0.001	0	0	0.003
-382	geotraces	SRR5788250	NAO	0.002	0	0	0.002	0	0	0	0	0	0.002	0	0	0	0.001	0	0	0.004
-383	geotraces	SRR5788108	NAO	0.002	0	0	0.002	0	0	0	0	0	0.001	0	0	0	0.001	0	0	0.003
-384	geotraces	SRR5788083	NAO	0.002	0	0	0.002	0	0	0	0	0	0.002	0	0	0	0.001	0	0	0.004
-385	geotraces	SRR5788342	NAO	0.002	0	0	0.002	0	0	0	0	0	0.003	0	0	0	0.001	0	0	0.005
-386	geotraces	SRR5788224	NAO	0.002	0	0	0.002	0	0	0	0	0	0.002	0	0	0	0.001	0.003	0	0.008
-387	geotraces	SRR5788216	NAO	0.002	0	0	0.002	0	0	0	0	0	0.002	0	0	0	0.001	0	0	0.005
-388	geotraces	SRR5788200	NAO	0.002	0	0	0.002	0	0	0	0	0	0.002	0	0	0	0.001	0	0	0.004
-389	geotraces	SRR5788365	NAO	0.002	0	0	0.001	0	0	0	0	0	0.003	0	0	0	0.005	0.002	0.001	0.012
-390	geotraces	SRR5788373	NAO	0.002	0	0	0.001	0.001	0	0	0	0	0.004	0	0.001	0.001	0.004	0.002	0.001	0.013
-391	geotraces	SRR5788368	NAO	0.002	0	0	0.002	0	0	0	0	0	0.002	0	0	0	0.004	0.002	0	0.009
-392	geotraces	SRR5788319	NAO	0.002	0	0	0.002	0	0	0	0	0	0.002	0	0	0	0.001	0.001	0	0.005
-393	geotraces	SRR5788011	NAO	0.002	0	0	0.002	0	0	0	0	0	0.003	0	0	0	0.001	0	0	0.005
-394	geotraces	SRR5788114	NAO	0.002	0	0	0.002	0	0	0	0	0	0.002	0	0	0	0.001	0.019	0	0.022
-395	geotraces	SRR5788110	NAO	0.002	0	0	0.002	0	0	0	0	0	0.002	0	0	0	0.001	0.002	0	0.006
-396	geotraces	SRR5788370	NAO	0.002	0	0	0.002	0	0	0	0	0	0.003	0	0	0.001	0.001	0	0	0.006
-397	geotraces	SRR5788447	NAO	0.002	0	0	0.002	0	0	0	0	0	0.002	0	0	0.001	0.001	0.028	0	0.032
-398	geotraces	SRR5787994	NAO	0.002	0	0	0.002	0	0	0	0	0	0.002	0	0	0	0.001	0	0	0.004
-399	geotraces	SRR5788344	NAO	0.002	0	0	0.001	0	0	0	0	0	0.002	0	0	0	0.001	0	0	0.005
-400	geotraces	SRR5788451	NAO	0.002	0	0	0.001	0	0	0	0	0	0.002	0	0	0	0.001	0.001	0	0.006
-401	geotraces	SRR5788430	NAO	0.002	0	0	0.001	0	0	0	0	0	0.004	0	0	0.001	0.005	0.002	0.001	0.012
-402	geotraces	SRR5788193	NAO	0.002	0	0	0.001	0	0	0	0	0	0.002	0	0	0	0.001	0	0	0.005
-403	geotraces	SRR5788238	NAO	0.002	0	0	0.001	0.001	0	0	0	0	0.034	0.007	0.005	0.001	0.136	0.028	0.001	0.213
-404	geotraces	SRR5788090	NAO	0.002	0	0	0.001	0	0	0	0	0	0.003	0	0	0	0.001	0.007	0	0.012
-405	geotraces	SRR5788220	NAO	0.002	0	0	0.001	0	0	0	0	0	0.002	0	0	0	0.001	0.001	0	0.004
-406	geotraces	SRR5788377	NAO	0.002	0	0	0.001	0	0	0	0	0	0.002	0	0	0	0.001	0.015	0	0.019
-407	geotraces	SRR5788427	NAO	0.002	0	0	0.001	0	0	0	0	0	0.003	0	0.001	0	0.003	0.003	0.001	0.011
-408	geotraces	SRR5788450	NAO	0.002	0	0	0.001	0	0	0	0	0	0.002	0	0	0	0.001	0.001	0.001	0.005
-409	geotraces	SRR5788431	NAO	0.002	0	0	0.001	0.001	0	0	0	0	0.004	0	0	0.001	0.002	0.001	0.001	0.009
-410	geotraces	SRR5788323	NAO	0.002	0	0	0.001	0	0	0	0	0	0.003	0	0	0	0.001	0	0	0.005
-411	geotraces	SRR5788088	NAO	0.002	0	0	0.001	0	0	0	0	0	0.002	0	0	0	0.001	0	0	0.004
-412	geotraces	SRR5788466	NAO	0.002	0	0	0.001	0	0	0	0	0	0.003	0	0	0.001	0.001	0.002	0.001	0.008
-413	geotraces	SRR5788428	NAO	0.002	0	0	0.001	0	0	0	0	0	0.003	0	0	0	0.003	0.003	0.001	0.011
-414	geotraces	SRR5788371	NAO	0.002	0	0	0.001	0	0	0	0	0	0.003	0	0.001	0	0.004	0.003	0.001	0.012
-415	geotraces	SRR5788112	NAO	0.002	0	0	0.001	0	0	0	0	0	0.002	0	0	0.001	0.002	0.013	0	0.018
-416	geotraces	SRR5788223	NAO	0.001	0	0	0.001	0	0	0	0	0	0.002	0	0	0	0.001	0.001	0	0.004
-417	geotraces	SRR5788199	NAO	0.001	0	0	0.001	0	0	0	0	0	0.001	0	0	0	0.001	0	0	0.003
-418	geotraces	SRR5788221	NAO	0.001	0	0	0.001	0	0	0	0	0	0.002	0	0	0	0.001	0	0	0.004
-419	geotraces	SRR5788014	NAO	0.001	0	0	0.001	0	0	0	0	0	0.002	0	0	0	0.001	0	0	0.003
-420	geotraces	SRR5788172	NAO	0.001	0	0	0.001	0	0	0	0	0	0.002	0	0	0	0.001	0.001	0.001	0.005
-421	geotraces	SRR5788005	NAO	0.001	0	0	0.001	0	0	0	0	0	0.004	0	0	0.001	0.002	0.005	0.001	0.012
-422	geotraces	SRR5788372	NAO	0.001	0	0	0.001	0	0	0	0	0	0.003	0	0	0	0.002	0.001	0.001	0.008
-423	geotraces	SRR5788025	NAO	0.001	0	0	0.001	0	0	0	0	0	0.002	0	0	0	0.001	0	0	0.004
-424	geotraces	SRR5788219	NAO	0.001	0	0	0.001	0	0	0	0	0	0.002	0	0	0	0.001	0	0	0.005
-425	geotraces	SRR5788169	NAO	0.001	0	0	0.001	0	0	0	0	0	0.002	0	0	0	0.001	0	0	0.004
-426	geotraces	SRR5788147	NAO	0.001	0	0	0.001	0	0	0	0	0	0.002	0	0	0	0.001	0	0.001	0.005
-427	geotraces	SRR5788337	NAO	0.001	0	0	0.001	0	0	0	0	0	0.002	0	0	0	0.001	0	0	0.003
-428	geotraces	SRR5788063	NAO	0.001	0	0	0.001	0	0	0	0	0	0.002	0	0	0	0.001	0	0	0.004
-429	geotraces	SRR5788138	NAO	0.001	0	0	0.001	0	0	0	0	0	0.002	0	0	0	0.001	0	0	0.003
-430	geotraces	SRR5788340	NAO	0.001	0	0	0.001	0	0	0	0	0	0.003	0	0	0	0.001	0	0	0.005
-431	geotraces	SRR5788284	NAO	0.001	0	0	0.001	0	0	0	0	0	0.009	0.002	0.001	0	0.019	0.011	0.001	0.043
-432	geotraces	SRR5788192	NAO	0.001	0	0	0.001	0	0	0	0	0	0.002	0	0	0	0.001	0	0	0.003
-433	geotraces	SRR5788174	NAO	0.001	0	0	0.001	0	0	0	0	0	0.002	0	0	0	0.001	0	0	0.004
-434	geotraces	SRR5788175	NAO	0.001	0	0	0.001	0	0	0	0	0	0.002	0	0	0.001	0.001	0	0	0.004
-435	geotraces	SRR5788196	NAO	0.001	0	0	0.001	0	0	0	0	0	0.002	0	0	0	0.001	0	0	0.003
-436	geotraces	SRR5788235	NAO	0.001	0	0	0	0.001	0	0	0	0	0.045	0.009	0.009	0.001	0.095	0.031	0.001	0.191
-437	geotraces	SRR5788232	NAO	0.001	0	0	0.001	0	0	0	0	0	0.007	0.001	0.004	0.001	0.005	0.002	0	0.019
-438	geotraces	SRR5788002	NAO	0.001	0	0	0.001	0	0	0	0	0	0.002	0	0	0	0.001	0	0	0.005
-439	geotraces	SRR5788316	NAO	0.001	0	0	0.001	0	0	0	0	0	0.002	0	0	0	0.001	0	0	0.005
-440	geotraces	SRR5788109	NAO	0.001	0	0	0.001	0	0	0	0	0	0.019	0.004	0.002	0.001	0.035	0.016	0.001	0.077
-441	geotraces	SRR5788338	NAO	0.001	0	0	0.001	0	0	0	0	0	0.002	0	0	0	0.001	0	0	0.003
-442	geotraces	SRR5788283	NAO	0.001	0	0	0.001	0	0	0	0	0	0.004	0.001	0.001	0	0.012	0.004	0	0.022
-443	geotraces	SRR5788378	NAO	0.001	0	0	0.001	0	0	0	0	0	0.001	0	0	0	0	0	0	0.002
-444	geotraces	SRR5788116	NAO	0.001	0	0	0.001	0	0	0	0	0	0.001	0	0	0	0.001	0.005	0	0.008
-445	geotraces	SRR5788456	NAO	0.001	0	0	0.001	0	0	0	0	0	0.001	0	0	0	0.001	0	0	0.003
-446	geotraces	SRR5788281	NAO	0.001	0	0	0.001	0	0	0	0	0	0.002	0	0	0	0.001	0	0	0.004
-447	geotraces	SRR5788335	NAO	0.001	0	0	0.001	0	0	0	0	0	0.003	0	0	0	0.001	0.001	0.001	0.007
-448	geotraces	SRR5788145	NAO	0.001	0	0	0.001	0	0	0	0	0	0.001	0	0	0	0	0	0	0.003
-449	geotraces	SRR5788168	NAO	0.001	0	0	0.001	0	0	0	0	0	0.001	0	0	0	0.001	0	0	0.003
-450	geotraces	SRR5788141	NAO	0.001	0	0	0.001	0	0	0	0	0	0.003	0	0	0.001	0.001	0	0	0.005
-451	geotraces	SRR5788143	NAO	0.001	0	0	0.001	0	0	0	0	0	0.002	0	0	0	0.001	0	0	0.004
-452	geotraces	SRR5788434	NAO	0.001	0	0	0	0.001	0	0	0	0	0.004	0	0.001	0.001	0.003	0.004	0.001	0.014
-453	geotraces	SRR5788433	NAO	0.001	0	0	0	0	0	0	0	0	0.004	0	0.001	0.001	0.003	0.004	0.001	0.013
-454	geotraces	SRR5788367	NAO	0.001	0	0	0.001	0	0	0	0	0	0.002	0	0	0	0.006	0.003	0.001	0.012
-455	geotraces	SRR5788012	NAO	0.001	0	0	0	0	0	0	0	0	0.003	0	0	0	0.001	0.004	0	0.009
-456	geotraces	SRR5788287	NAO	0.001	0	0	0.001	0	0	0	0	0	0.001	0	0	0	0.001	0.037	0	0.042
-457	geotraces	SRR5788237	NAO	0.001	0	0	0	0	0	0	0	0	0.008	0.001	0.002	0.001	0.047	0.002	0	0.061
-458	geotraces	SRR5788236	NAO	0.001	0	0	0	0	0	0	0	0	0.046	0.009	0.002	0.001	0.03	0.011	0	0.1
-459	geotraces	SRR5788227	NAO	0.001	0	0	0	0	0	0	0	0	0.003	0	0	0	0.001	0.001	0	0.006
-460	geotraces	SRR5788197	NAO	0.001	0	0	0.001	0	0	0	0	0	0.001	0	0	0	0.001	0	0	0.003
-461	geotraces	SRR5788230	NAO	0.001	0	0	0	0	0	0	0	0	0.007	0.001	0.001	0.001	0.01	0.009	0.001	0.029
-462	geotraces	SRR5788000	NAO	0.001	0	0	0	0	0	0	0	0	0.003	0	0	0	0.003	0.002	0.001	0.009
-463	geotraces	SRR5788140	NAO	0.001	0	0	0	0	0	0	0	0	0.002	0	0	0	0.001	0	0	0.004
-464	geotraces	SRR5787999	NAO	0.001	0	0	0	0	0	0	0	0	0.003	0	0	0	0.001	0.001	0	0.006
-465	geotraces	SRR5788113	NAO	0.001	0	0	0.001	0	0	0	0	0	0.002	0	0	0	0.001	0	0	0.003
-466	geotraces	SRR5788146	NAO	0.001	0	0	0.001	0	0	0	0	0	0.001	0	0	0	0	0	0	0.002
-467	geotraces	SRR5788463	NAO	0.001	0	0	0	0	0	0	0	0	0.002	0	0	0	0.001	0.001	0	0.005
-468	geotraces	SRR5788218	NAO	0.001	0	0	0	0	0	0	0	0	0.003	0	0	0	0.001	0.001	0	0.005
-469	geotraces	SRR5788285	NAO	0.001	0	0	0	0	0	0	0	0	0.003	0	0	0.001	0.007	0.003	0	0.015
-470	geotraces	SRR5788290	NAO	0.001	0	0	0	0	0	0	0	0	0.002	0	0	0	0.001	0.001	0	0.004
-471	geotraces	SRR5788339	NAO	0.001	0	0	0	0	0	0	0	0	0.003	0	0	0	0.001	0	0	0.005
-472	geotraces	SRR5788465	NAO	0.001	0	0	0	0	0	0	0	0	0.003	0	0	0	0.001	0.001	0.001	0.006
-473	geotraces	SRR5788387	NAO	0.001	0	0	0	0	0	0	0	0	0.002	0	0.001	0	0.001	0.034	0.001	0.04
-474	geotraces	SRR5788436	NAO	0.001	0	0	0	0	0	0	0	0	0.004	0	0	0.001	0.005	0.002	0	0.013
-475	geotraces	SRR5788229	NAO	0.001	0	0	0	0	0	0	0	0	0.005	0.001	0.001	0.001	0.01	0.006	0.001	0.023
-476	geotraces	SRR5788343	NAO	0.001	0	0	0	0	0	0	0	0	0.002	0	0	0	0.001	0.001	0.001	0.006
-477	geotraces	SRR5788233	NAO	0.001	0	0	0	0	0	0	0	0	0.007	0.001	0.001	0	0.011	0.008	0.001	0.029
-478	geotraces	SRR5788231	NAO	0.001	0	0	0	0	0	0	0	0	0.005	0	0.002	0	0.004	0.001	0	0.013
-479	geotraces	SRR5788173	NAO	0.001	0	0	0	0	0	0	0	0	0.002	0	0	0	0.001	0.001	0.001	0.005
-480	geotraces	SRR5788234	NAO	0.001	0	0	0	0	0	0	0	0	0.019	0.004	0.002	0.001	0.028	0.022	0.001	0.076
-481	geotraces	SRR5788286	NAO	0.001	0	0	0	0	0	0	0	0	0.002	0	0.001	0	0.008	0.001	0	0.012
-482	geotraces	SRR5788435	NAO	0.001	0	0	0	0	0	0	0	0	0.004	0	0	0.001	0.004	0.002	0	0.011
-483	geotraces	SRR5788256	NAO	0	0	0	0	0	0	0	0	0	0.002	0	0	0	0.001	0.001	0.001	0.006
-484	geotraces	SRR5788464	NAO	0	0	0	0	0	0	0	0	0	0.002	0	0	0	0.001	0	0	0.005
-485	geotraces	SRR5788019	SAO	0.008	0	0	0.007	0	0	0	0	0	0.003	0	0	0	0.001	0.006	0.001	0.011
-486	geotraces	SRR5788022	SAO	0.007	0	0	0.007	0	0	0	0	0	0.003	0	0	0.001	0.001	0.002	0	0.007
-487	geotraces	SRR5788130	SAO	0.007	0	0	0.006	0	0	0	0	0	0.003	0	0.001	0	0.017	0.041	0.003	0.065
-488	geotraces	SRR5788021	SAO	0.006	0	0	0.005	0	0	0	0	0	0.002	0	0	0	0.001	0.001	0	0.005
-489	geotraces	SRR5788438	SAO	0.005	0	0	0.005	0	0	0	0	0	0.003	0	0	0	0.001	0.002	0.001	0.008
-490	geotraces	SRR5788308	SAO	0.005	0	0	0.005	0	0	0	0	0	0.003	0	0	0	0.001	0.001	0	0.007
-491	geotraces	SRR5788382	SAO	0.005	0	0	0.004	0	0	0	0	0	0.003	0	0	0	0.001	0.027	0.001	0.033
-492	geotraces	SRR5788016	SAO	0.004	0	0	0.004	0	0	0	0	0	0.003	0	0	0	0.001	0.001	0	0.007
-493	geotraces	SRR5788017	SAO	0.004	0	0	0.003	0	0	0	0	0	0.001	0	0	0	0.001	0	0	0.003
-494	geotraces	SRR5788031	SAO	0.003	0	0	0.003	0	0	0	0	0	0.001	0	0	0	0.005	0.001	0.001	0.01
-495	geotraces	SRR5788137	SAO	0.003	0	0	0.003	0	0	0	0	0	0.002	0	0.001	0	0.012	0.028	0.002	0.045
-496	geotraces	SRR5788384	SAO	0.003	0	0	0.003	0	0	0	0	0	0.003	0	0	0	0.001	0.005	0	0.01
-497	geotraces	SRR5788018	SAO	0.003	0	0	0.003	0	0	0	0	0	0.002	0	0	0	0.001	0.004	0	0.008
-498	geotraces	SRR5788032	SAO	0.003	0	0	0.003	0	0	0	0	0	0.002	0	0.001	0	0.012	0.036	0.004	0.054
-499	geotraces	SRR5788311	SAO	0.003	0	0	0.003	0	0	0	0	0	0.004	0	0.001	0	0.001	0.002	0	0.008
-500	geotraces	SRR5788024	SAO	0.003	0	0	0.002	0	0	0	0	0	0.002	0	0	0	0.001	0.047	0	0.052
-501	geotraces	SRR5788136	SAO	0.003	0	0	0.002	0	0	0	0	0	0.002	0	0.001	0	0.011	0.027	0.002	0.044
-502	geotraces	SRR5787992	SAO	0.003	0	0	0.003	0	0	0	0	0	0.003	0	0	0	0.104	0.001	0	0.109
-503	geotraces	SRR5788383	SAO	0.003	0	0	0.002	0	0	0	0	0	0.001	0	0	0	0.001	0	0	0.003
-504	geotraces	SRR5788439	SAO	0.003	0	0	0.002	0	0	0	0	0	0.004	0	0.001	0	0.001	0.001	0	0.007
-505	geotraces	SRR5788020	SAO	0.002	0	0	0.002	0	0	0	0	0	0.002	0	0	0	0.001	0	0	0.003
-506	geotraces	SRR5788033	SAO	0.002	0	0	0.002	0	0	0	0	0	0.002	0	0.001	0	0.01	0.033	0.004	0.05
-507	geotraces	SRR5788029	SAO	0.002	0	0	0.002	0	0	0	0	0	0.002	0	0	0	0.003	0.001	0.002	0.009
-508	geotraces	SRR5788302	SAO	0.002	0	0	0.002	0	0	0	0	0	0.003	0	0.001	0	0.001	0.002	0	0.008
-509	geotraces	SRR5788205	SAO	0.002	0	0	0.002	0	0	0	0	0	0.007	0	0.001	0	0.001	0.003	0.001	0.014
-510	geotraces	SRR5788468	SAO	0.002	0	0	0.002	0	0	0	0	0	0.002	0	0	0	0.001	0.045	0	0.049
-511	geotraces	SRR5788186	SAO	0.002	0	0	0.002	0	0	0	0	0	0.002	0	0	0	0.001	0	0	0.003
-512	geotraces	SRR5788182	SAO	0.002	0	0	0.001	0	0	0	0	0	0.002	0	0	0	0.001	0	0	0.005
-513	geotraces	SRR5788023	SAO	0.002	0	0	0.002	0	0	0	0	0	0.001	0	0	0	0.001	0	0	0.002
-514	geotraces	SRR5788131	SAO	0.002	0	0	0.001	0.001	0	0	0	0	0.004	0.001	0.001	0	0.029	0.16	0.008	0.204
-515	geotraces	SRR5788350	SAO	0.002	0	0	0.002	0	0	0	0	0	0.002	0	0	0	0.005	0	0	0.008
-516	geotraces	SRR5788443	SAO	0.002	0	0	0.001	0	0	0	0	0	0.007	0	0.001	0	0.001	0.003	0.001	0.013
-517	geotraces	SRR5788028	SAO	0.002	0	0	0.001	0	0	0	0	0	0.002	0	0	0	0.004	0.002	0.002	0.012
-518	geotraces	SRR5788445	SAO	0.002	0	0	0.001	0	0	0	0	0	0.004	0	0.001	0	0.001	0.002	0.001	0.009
-519	geotraces	SRR5788026	SAO	0.002	0	0	0.001	0.001	0	0	0	0	0.003	0	0	0.001	0.003	0.002	0.002	0.011
-520	geotraces	SRR5788442	SAO	0.002	0	0	0.001	0	0	0	0	0	0.003	0	0.001	0	0.001	0.002	0	0.007
-521	geotraces	SRR5788303	SAO	0.002	0	0	0.001	0	0	0	0	0	0.003	0	0	0	0.001	0.002	0	0.007
-522	geotraces	SRR5788381	SAO	0.002	0	0	0.001	0	0	0	0	0	0.002	0	0	0	0.001	0	0	0.003
-523	geotraces	SRR5788348	SAO	0.002	0	0	0.001	0	0	0	0	0	0.001	0	0	0	0	0	0	0.002
-524	geotraces	SRR5788444	SAO	0.002	0	0	0.001	0	0	0	0	0	0.004	0	0	0	0.001	0.002	0.001	0.009
-525	geotraces	SRR5788104	SAO	0.002	0	0	0.001	0	0	0	0	0	0.004	0	0.001	0	0.013	0.041	0.001	0.061
-526	geotraces	SRR5788030	SAO	0.002	0	0	0.001	0	0	0	0	0	0.002	0	0	0	0.005	0.002	0.002	0.012
-527	geotraces	SRR5788446	SAO	0.001	0	0	0.001	0	0	0	0	0	0.004	0	0.001	0	0.001	0.002	0.001	0.009
-528	geotraces	SRR5788185	SAO	0.001	0	0	0.001	0	0	0	0	0	0.001	0	0	0	0.001	0	0	0.003
-529	geotraces	SRR5788079	SAO	0.001	0	0	0.001	0	0	0	0	0	0.002	0	0	0	0.001	0.001	0.001	0.006
-530	geotraces	SRR5788211	SAO	0.001	0	0	0.001	0.001	0	0	0	0	0.003	0	0.001	0	0.002	0.003	0.003	0.013
-531	geotraces	SRR5788034	SAO	0.001	0	0	0.001	0	0	0	0	0	0.004	0	0.001	0	0.002	0.004	0.001	0.012
-532	geotraces	SRR5788349	SAO	0.001	0	0	0.001	0	0	0	0	0	0.011	0.002	0.001	0.001	0.028	0.039	0.001	0.083
-533	geotraces	SRR5788035	SAO	0.001	0	0	0.001	0	0	0	0	0	0.004	0	0.001	0	0.002	0.003	0.001	0.01
-534	geotraces	SRR5788180	SAO	0.001	0	0	0.001	0	0	0	0	0	0.002	0	0	0	0.001	0	0	0.003
-535	geotraces	SRR5788345	SAO	0.001	0	0	0.001	0	0	0	0	0	0.006	0	0.001	0.001	0.01	0.001	0	0.018
-536	geotraces	SRR5788077	SAO	0.001	0	0	0.001	0	0	0	0	0	0.001	0	0	0	0.001	0.001	0	0.004
-537	geotraces	SRR5788351	SAO	0.001	0	0	0.001	0	0	0	0	0	0.001	0	0	0	0.001	0	0	0.003
-538	geotraces	SRR5788027	SAO	0.001	0	0	0.001	0	0	0	0	0	0.003	0	0	0.001	0.003	0.001	0.001	0.01
-539	geotraces	SRR5788440	SAO	0.001	0	0	0.001	0	0	0	0	0	0.003	0	0	0	0.001	0.002	0	0.007
-540	geotraces	SRR5788304	SAO	0.001	0	0	0.001	0	0	0	0	0	0.003	0	0	0	0.001	0.002	0	0.007
-541	geotraces	SRR5788074	SAO	0.001	0	0	0.001	0	0	0	0	0	0.003	0	0	0	0.002	0.002	0.001	0.008
-542	geotraces	SRR5788212	SAO	0.001	0	0	0	0.001	0	0	0	0	0.003	0	0.001	0	0.002	0.003	0.002	0.012
-543	geotraces	SRR5788380	SAO	0.001	0	0	0.001	0	0	0	0	0	0.002	0	0	0	0.001	0.042	0	0.046
-544	geotraces	SRR5788076	SAO	0.001	0	0	0	0.001	0	0	0	0	0.007	0.001	0.001	0.001	0.003	0.006	0.001	0.019
-545	geotraces	SRR5788075	SAO	0.001	0	0	0	0	0	0	0	0	0.004	0	0.001	0	0.017	0.034	0.002	0.058
-546	geotraces	SRR5788437	SAO	0.001	0	0	0	0	0	0	0	0	0.005	0	0.001	0	0.002	0.002	0.001	0.012
-547	geotraces	SRR5788209	SAO	0.001	0	0	0	0.001	0	0	0	0	0.003	0	0	0	0.002	0.003	0.002	0.011
-548	geotraces	SRR5788305	SAO	0.001	0	0	0.001	0	0	0	0	0	0.003	0	0	0	0.001	0.001	0	0.007
-549	geotraces	SRR5788202	SAO	0.001	0	0	0	0	0	0	0	0	0.003	0	0.001	0	0.016	0.031	0.002	0.052
-550	geotraces	SRR5788099	SAO	0.001	0	0	0.001	0	0	0	0	0	0.001	0	0	0	0.011	0	0	0.013
-551	geotraces	SRR5788307	SAO	0.001	0	0	0.001	0	0	0	0	0	0.004	0	0	0	0.002	0.002	0.001	0.009
-552	geotraces	SRR5788203	SAO	0.001	0	0	0	0	0	0	0	0	0.003	0	0.001	0	0.016	0.032	0.002	0.054
-553	geotraces	SRR5788208	SAO	0.001	0	0	0	0	0	0	0	0	0.003	0	0.001	0	0.002	0.003	0.002	0.01
-554	geotraces	SRR5788206	SAO	0.001	0	0	0	0	0	0	0	0	0.006	0	0.001	0	0.001	0.002	0.001	0.012
-555	geotraces	SRR5788048	SAO	0.001	0	0	0.001	0	0	0	0	0	0.002	0	0	0	0.002	0.001	0	0.006
-556	geotraces	SRR5788210	SAO	0.001	0	0	0	0	0	0	0	0	0.003	0	0	0	0.001	0.002	0.002	0.01
-557	geotraces	SRR5788441	SAO	0.001	0	0	0.001	0	0	0	0	0	0.003	0	0	0	0.001	0.002	0	0.006
-558	geotraces	SRR5788100	SAO	0.001	0	0	0	0	0	0	0	0	0.006	0.001	0.001	0	0.017	0.014	0.001	0.04
-559	geotraces	SRR5788190	SAO	0.001	0	0	0	0	0	0	0	0	0.003	0	0	0	0.001	0.046	0.001	0.052
-560	geotraces	SRR5787990	SAO	0.001	0	0	0.001	0	0	0	0	0	0.002	0	0	0	0.001	0.04	0	0.044
-561	geotraces	SRR5788187	SAO	0.001	0	0	0	0	0	0	0	0	0.003	0	0	0.001	0.001	0	0	0.005
-562	geotraces	SRR5788207	SAO	0.001	0	0	0	0	0	0	0	0	0.003	0	0	0	0.001	0.003	0.002	0.009
-563	geotraces	SRR5788183	SAO	0.001	0	0	0	0	0	0	0	0	0.003	0	0	0	0.001	0.001	0.001	0.006
-564	geotraces	SRR5788073	SAO	0.001	0	0	0	0	0	0	0	0	0.004	0	0.001	0	0.002	0.003	0.001	0.011
-565	geotraces	SRR5788071	SAO	0.001	0	0	0.001	0	0	0	0	0	0.002	0	0	0	0.001	0.001	0.001	0.006
-566	geotraces	SRR5787989	SAO	0.001	0	0	0	0	0	0	0	0	0.003	0	0	0	0.001	0.071	0.001	0.076
-567	geotraces	SRR5788309	SAO	0.001	0	0	0	0	0	0	0	0	0.003	0	0	0	0.001	0.002	0	0.007
-568	geotraces	SRR5788347	SAO	0.001	0	0	0	0	0	0	0	0	0.006	0	0.001	0	0.011	0.001	0	0.019
-569	geotraces	SRR5788353	SAO	0.001	0	0	0	0	0	0	0	0	0.002	0	0	0	0.001	0	0	0.004
-570	geotraces	SRR5788467	SAO	0.001	0	0	0	0	0	0	0	0	0.002	0	0	0	0.001	0	0	0.004
-571	geotraces	SRR5788306	SAO	0.001	0	0	0	0	0	0	0	0	0.004	0	0	0	0.001	0.002	0	0.009
-572	geotraces	SRR5788047	SAO	0.001	0	0	0	0	0	0	0	0	0.002	0	0	0	0.001	0.09	0.001	0.094
-573	geotraces	SRR5788189	SAO	0.001	0	0	0.001	0	0	0	0	0	0.001	0	0	0	0.001	0	0	0.003
-574	geotraces	SRR5788346	SAO	0.001	0	0	0	0	0	0	0	0	0.012	0.001	0.001	0.001	0.03	0.004	0	0.049
-575	geotraces	SRR5788181	SAO	0.001	0	0	0	0	0	0	0	0	0.003	0	0	0	0.001	0	0.001	0.006
-576	geotraces	SRR5788310	SAO	0.001	0	0	0	0	0	0	0	0	0.003	0	0	0	0.001	0.002	0	0.007
-577	geotraces	SRR5788060	SAO	0.001	0	0	0	0	0	0	0	0	0.005	0.001	0	0	0.007	0.102	0.001	0.116
-578	geotraces	SRR5788106	SAO	0.001	0	0	0	0	0	0	0	0	0.002	0	0	0	0.004	0.002	0	0.009
-579	geotraces	SRR5788354	SAO	0.001	0	0	0	0	0	0	0	0	0.002	0	0	0	0.001	0	0	0.005
-580	geotraces	SRR5788105	SAO	0.001	0	0	0	0	0	0	0	0	0.004	0.001	0	0	0.003	0.036	0	0.044
-581	geotraces	SRR5788015	SAO	0.001	0	0	0	0	0	0	0	0	0.002	0	0	0	0.001	0.002	0	0.006
-582	geotraces	SRR5788072	SAO	0.001	0	0	0	0	0	0	0	0	0.002	0	0	0	0.001	0.001	0.001	0.005
-583	geotraces	SRR5788078	SAO	0	0	0	0	0	0	0	0	0	0.001	0	0	0	0.001	0.001	0	0.004
-584	geotraces	SRR5788184	SAO	0	0	0	0	0	0	0	0	0	0.002	0	0	0.001	0.001	0.001	0	0.005
-585	geotraces	SRR5788188	SAO	0	0	0	0	0	0	0	0	0	0.002	0	0	0	0.001	0.003	0	0.007
-586	geotraces	SRR5788352	SAO	0	0	0	0	0	0	0	0	0	0.001	0	0	0	0	0	0	0.003
-587	geotraces	SRR5788059	SAO	0	0	0	0	0	0	0	0	0	0.002	0	0	0	0.003	0.006	0	0.012
-588	geotraces	SRR5788103	SAO	0	0	0	0	0	0	0	0	0	0.002	0	0	0	0.012	0.007	0	0.022
-589	geotraces	SRR5788080	SAO	0	0	0	0	0	0	0	0	0	0.002	0	0	0	0.001	0.001	0.001	0.005
-590	geotraces	SRR5788328	SPO	0.074	0	0.004	0.07	0	0	0	0	0	0.001	0	0	0	0.001	0	0	0.003
-591	geotraces	SRR5788153	SPO	0.046	0	0.002	0.044	0	0	0	0	0	0.001	0	0	0	0	0.001	0	0.003
-592	geotraces	SRR5788458	SPO	0.027	0	0.001	0.025	0	0	0	0	0	0.002	0	0	0	0.001	0.007	0	0.011
-593	geotraces	SRR5788095	SPO	0.023	0	0.002	0.021	0	0	0	0	0	0.003	0	0	0.001	0.001	0.011	0	0.018
-594	geotraces	SRR5788057	SPO	0.016	0	0.001	0.015	0	0	0	0	0	0.002	0	0	0	0.001	0.007	0	0.011
-595	geotraces	SRR5788459	SPO	0.011	0	0	0.01	0	0	0	0	0	0.002	0	0	0	0.001	0.009	0	0.014
-596	geotraces	SRR5788054	SPO	0.01	0	0	0.009	0	0	0	0	0	0.002	0	0	0	0.001	0.012	0	0.017
-597	geotraces	SRR5788420	SPO	0.009	0	0	0.009	0	0	0	0	0	0.001	0	0	0	0.001	0	0	0.002
-598	geotraces	SRR5788460	SPO	0.009	0	0	0.008	0	0	0	0	0	0.002	0	0	0	0.001	0.01	0	0.014
-599	geotraces	SRR5788329	SPO	0.009	0	0	0.008	0	0	0	0	0	0.001	0	0	0	0	0	0	0.002
-600	geotraces	SRR5788424	SPO	0.008	0	0	0.008	0	0	0	0	0	0.001	0	0	0	0.001	0.002	0	0.006
-601	geotraces	SRR5788124	SPO	0.008	0	0	0.007	0	0	0	0	0	0.001	0	0	0	0.001	0.003	0	0.006
-602	geotraces	SRR5788244	SPO	0.008	0	0	0.007	0	0	0	0	0	0.001	0	0	0	0	0	0	0.002
-603	geotraces	SRR5788150	SPO	0.006	0	0	0.006	0	0	0	0	0	0.002	0	0	0	0.001	0	0	0.003
-604	geotraces	SRR5788122	SPO	0.006	0	0	0.006	0	0	0	0	0	0.001	0	0	0	0.001	0.006	0	0.008
-605	geotraces	SRR5788300	SPO	0.006	0	0	0.005	0	0	0	0	0	0.002	0	0	0	0.001	0.003	0	0.007
-606	geotraces	SRR5788461	SPO	0.005	0	0	0.005	0	0	0	0	0	0.002	0	0	0	0.001	0.007	0	0.011
-607	geotraces	SRR5788392	SPO	0.005	0	0	0.004	0	0	0	0	0	0.002	0	0	0	0.001	0.009	0	0.012
-608	geotraces	SRR5788162	SPO	0.004	0	0	0.004	0	0	0	0	0	0.003	0	0	0	0.001	0.017	0	0.022
-609	geotraces	SRR5788163	SPO	0.004	0	0	0.004	0	0	0	0	0	0.003	0	0	0	0.001	0.012	0	0.017
-610	geotraces	SRR5788161	SPO	0.004	0	0	0.004	0	0	0	0	0	0.002	0	0	0	0.001	0.002	0	0.006
-611	geotraces	SRR5788248	SPO	0.004	0	0	0.003	0	0	0	0	0	0.001	0	0	0	0.001	0.006	0	0.009
-612	geotraces	SRR5788056	SPO	0.004	0	0	0.003	0	0	0	0	0	0.003	0	0	0.001	0.001	0.013	0	0.019
-613	geotraces	SRR5788239	SPO	0.004	0	0	0.003	0	0	0	0	0	0.001	0	0	0	0.001	0.005	0	0.007
-614	geotraces	SRR5788046	SPO	0.003	0	0	0.003	0	0	0	0	0	0.002	0	0	0	0.001	0.002	0	0.005
-615	geotraces	SRR5788397	SPO	0.003	0	0	0.003	0	0	0	0	0	0.002	0	0	0	0.001	0.001	0	0.005
-616	geotraces	SRR5788403	SPO	0.003	0	0	0.003	0	0	0	0	0	0.001	0	0	0	0	0	0	0.002
-617	geotraces	SRR5788119	SPO	0.003	0	0	0.002	0	0	0	0	0	0.002	0	0	0	0.001	0.005	0	0.009
-618	geotraces	SRR5788118	SPO	0.003	0	0	0.002	0	0	0	0	0	0.002	0	0	0	0.001	0.007	0	0.01
-619	geotraces	SRR5788053	SPO	0.003	0	0	0.002	0	0	0	0	0	0.003	0	0	0	0.001	0.012	0	0.017
-620	geotraces	SRR5788158	SPO	0.003	0	0	0.002	0	0	0	0	0	0.003	0	0	0	0.001	0.014	0	0.019
-621	geotraces	SRR5788390	SPO	0.003	0	0	0.002	0	0	0	0	0	0.002	0	0	0	0.001	0.002	0	0.006
-622	geotraces	SRR5788355	SPO	0.003	0	0	0.002	0	0	0	0	0	0.002	0	0	0	0.001	0.007	0	0.011
-623	geotraces	SRR5788148	SPO	0.002	0	0	0.002	0	0	0	0	0	0.003	0	0	0.001	0.001	0.012	0	0.018
-624	geotraces	SRR5788325	SPO	0.002	0	0	0.002	0	0	0	0	0	0.002	0	0	0	0.001	0.008	0	0.012
-625	geotraces	SRR5788171	SPO	0.002	0	0	0.002	0	0	0	0	0	0.002	0	0	0	0.001	0.008	0	0.012
-626	geotraces	SRR5788299	SPO	0.002	0	0	0.002	0	0	0	0	0	0.002	0	0	0	0.001	0.003	0	0.007
-627	geotraces	SRR5788462	SPO	0.002	0	0	0.002	0	0	0	0	0	0.002	0	0	0.001	0.001	0.01	0	0.015
-628	geotraces	SRR5788243	SPO	0.002	0	0	0.002	0	0	0	0	0	0.001	0	0	0	0	0.002	0	0.004
-629	geotraces	SRR5788050	SPO	0.002	0	0	0.002	0	0	0	0	0	0.002	0	0	0	0.001	0.01	0	0.014
-630	geotraces	SRR5788396	SPO	0.002	0	0	0.002	0	0	0	0	0	0.002	0	0	0	0.001	0.004	0	0.008
-631	geotraces	SRR5788178	SPO	0.002	0	0	0.002	0	0	0	0	0	0.003	0	0	0	0.001	0.01	0	0.015
-632	geotraces	SRR5788165	SPO	0.002	0	0	0.002	0	0	0	0	0	0.002	0	0	0	0.001	0.004	0	0.008
-633	geotraces	SRR5788258	SPO	0.002	0	0	0.002	0	0	0	0	0	0.002	0	0	0	0.001	0.013	0	0.017
-634	geotraces	SRR5788092	SPO	0.002	0	0	0.002	0	0	0	0	0	0.002	0	0	0	0.001	0.006	0	0.01
-635	geotraces	SRR5788051	SPO	0.002	0	0	0.002	0	0	0	0	0	0.002	0	0	0	0.001	0.005	0	0.008
-636	geotraces	SRR5788421	SPO	0.002	0	0	0.002	0	0	0	0	0	0.001	0	0	0	0.001	0	0	0.002
-637	geotraces	SRR5788263	SPO	0.002	0	0	0.002	0	0	0	0	0	0.001	0	0	0	0.001	0.002	0	0.005
-638	geotraces	SRR5788121	SPO	0.002	0	0	0.002	0	0	0	0	0	0.002	0	0	0	0.001	0.005	0	0.008
-639	geotraces	SRR5788391	SPO	0.002	0	0	0.002	0	0	0	0	0	0.001	0	0	0	0.001	0.002	0	0.005
-640	geotraces	SRR5788259	SPO	0.002	0	0	0.002	0	0	0	0	0	0.002	0	0	0	0.001	0.01	0	0.013
-641	geotraces	SRR5788135	SPO	0.002	0	0	0.002	0	0	0	0	0	0.002	0	0	0	0.001	0.006	0	0.01
-642	geotraces	SRR5788265	SPO	0.002	0	0	0.002	0	0	0	0	0	0	0	0	0	0	0	0	0.001
-643	geotraces	SRR5788055	SPO	0.002	0	0	0.001	0	0	0	0	0	0.003	0	0	0	0.001	0.013	0	0.017
-644	geotraces	SRR5788297	SPO	0.002	0	0	0.002	0	0	0	0	0	0.002	0	0	0	0.001	0.002	0.001	0.006
-645	geotraces	SRR5788247	SPO	0.002	0	0	0.002	0	0	0	0	0	0.001	0	0	0	0.001	0.006	0	0.009
-646	geotraces	SRR5788151	SPO	0.002	0	0	0.001	0	0	0	0	0	0.002	0	0	0	0.001	0	0	0.003
-647	geotraces	SRR5788423	SPO	0.002	0	0	0.002	0	0	0	0	0	0.001	0	0	0	0.001	0.004	0	0.007
-648	geotraces	SRR5788291	SPO	0.002	0	0	0.001	0	0	0	0	0	0.001	0	0	0	0.001	0.002	0	0.004
-649	geotraces	SRR5788260	SPO	0.002	0	0	0.001	0	0	0	0	0	0.003	0	0	0	0.001	0.015	0.001	0.02
-650	geotraces	SRR5788298	SPO	0.002	0	0	0.001	0	0	0	0	0	0.002	0	0	0	0.001	0.001	0	0.005
-651	geotraces	SRR5788058	SPO	0.002	0	0	0.001	0	0	0	0	0	0.003	0	0	0.001	0.001	0.009	0	0.014
-652	geotraces	SRR5788093	SPO	0.002	0	0	0.001	0	0	0	0	0	0.002	0	0	0	0.001	0.007	0	0.011
-653	geotraces	SRR5788261	SPO	0.002	0	0	0.001	0	0	0	0	0	0.002	0	0	0	0.001	0.011	0	0.015
-654	geotraces	SRR5788167	SPO	0.002	0	0	0.001	0	0	0	0	0	0.001	0	0	0	0.001	0.002	0	0.005
-655	geotraces	SRR5788415	SPO	0.002	0	0	0.001	0	0	0	0	0	0.003	0	0	0.001	0.001	0.01	0	0.015
-656	geotraces	SRR5788170	SPO	0.002	0	0	0.001	0	0	0	0	0	0.002	0	0	0	0.001	0.001	0	0.004
-657	geotraces	SRR5788296	SPO	0.002	0	0	0.001	0	0	0	0	0	0.002	0	0	0	0.001	0.006	0	0.01
-658	geotraces	SRR5788246	SPO	0.002	0	0	0.001	0	0	0	0	0	0.002	0	0	0	0.001	0.01	0	0.013
-659	geotraces	SRR5788049	SPO	0.001	0	0	0.001	0	0	0	0	0	0.002	0	0	0.001	0.001	0.012	0	0.017
-660	geotraces	SRR5788160	SPO	0.001	0	0	0.001	0	0	0	0	0	0.002	0	0	0	0.001	0.01	0	0.014
-661	geotraces	SRR5788052	SPO	0.001	0	0	0.001	0	0	0	0	0	0.002	0	0	0	0.001	0.011	0	0.016
-662	geotraces	SRR5788264	SPO	0.001	0	0	0.001	0	0	0	0	0	0.001	0	0	0	0.001	0.003	0	0.006
-663	geotraces	SRR5788332	SPO	0.001	0	0	0.001	0	0	0	0	0	0.002	0	0	0	0.001	0.002	0	0.005
-664	geotraces	SRR5788127	SPO	0.001	0	0	0.001	0	0	0	0	0	0.002	0	0	0	0.001	0.008	0	0.011
-665	geotraces	SRR5788395	SPO	0.001	0	0	0.001	0	0	0	0	0	0.001	0	0	0	0	0	0	0.002
-666	geotraces	SRR5788159	SPO	0.001	0	0	0.001	0	0	0	0	0	0.002	0	0	0	0.001	0.012	0	0.017
-667	geotraces	SRR5788001	SPO	0.001	0	0	0.001	0	0	0	0	0	0.002	0	0	0	0.001	0.001	0.001	0.006
-668	geotraces	SRR5788394	SPO	0.001	0	0	0.001	0	0	0	0	0	0.002	0	0	0	0.001	0.006	0	0.009
-669	geotraces	SRR5788245	SPO	0.001	0	0	0.001	0	0	0	0	0	0.002	0	0	0	0.001	0.01	0	0.014
-670	geotraces	SRR5788133	SPO	0.001	0	0	0.001	0	0	0	0	0	0.001	0	0	0	0.001	0.008	0	0.011
-671	geotraces	SRR5788132	SPO	0.001	0	0	0.001	0	0	0	0	0	0.001	0	0	0	0.001	0.005	0	0.007
-672	geotraces	SRR5788242	SPO	0.001	0	0	0.001	0	0	0	0	0	0.001	0	0	0	0	0	0	0.002
-673	geotraces	SRR5788385	SPO	0.001	0	0	0.001	0	0	0	0	0	0.002	0	0	0	0.001	0.009	0	0.012
-674	geotraces	SRR5788191	SPO	0.001	0	0	0.001	0	0	0	0	0	0.002	0	0	0	0.001	0.006	0	0.01
-675	geotraces	SRR5788327	SPO	0.001	0	0	0.001	0	0	0	0	0	0.001	0	0	0	0.001	0	0	0.003
-676	geotraces	SRR5788301	SPO	0.001	0	0	0.001	0	0	0	0	0	0.002	0	0	0	0.001	0.004	0	0.008
-677	geotraces	SRR5788123	SPO	0.001	0	0	0.001	0	0	0	0	0	0.001	0	0	0	0.001	0.003	0	0.006
-678	geotraces	SRR5788356	SPO	0.001	0	0	0.001	0	0	0	0	0	0.002	0	0	0	0.001	0.007	0	0.012
-679	geotraces	SRR5788155	SPO	0.001	0	0	0.001	0	0	0	0	0	0.003	0	0	0.001	0.001	0.009	0	0.015
-680	geotraces	SRR5788241	SPO	0.001	0	0	0.001	0	0	0	0	0	0.002	0	0	0	0.001	0.011	0	0.014
-681	geotraces	SRR5787991	SPO	0.001	0	0	0.001	0	0	0	0	0	0.002	0	0	0	0.001	0.006	0	0.011
-682	geotraces	SRR5788128	SPO	0.001	0	0	0.001	0	0	0	0	0	0.001	0	0	0	0.001	0.003	0	0.006
-683	geotraces	SRR5788294	SPO	0.001	0	0	0.001	0	0	0	0	0	0.002	0	0	0	0.001	0.004	0	0.008
-684	geotraces	SRR5788292	SPO	0.001	0	0	0.001	0	0	0	0	0	0.001	0	0	0	0.001	0	0	0.003
-685	geotraces	SRR5788240	SPO	0.001	0	0	0.001	0	0	0	0	0	0.001	0	0	0	0.001	0.007	0	0.01
-686	geotraces	SRR5788334	SPO	0.001	0	0	0.001	0	0	0	0	0	0.003	0	0	0	0.001	0.01	0	0.014
-687	geotraces	SRR5788357	SPO	0.001	0	0	0.001	0	0	0	0	0	0.001	0	0	0	0.001	0	0	0.003
-688	geotraces	SRR5788360	SPO	0.001	0	0	0.001	0	0	0	0	0	0.002	0	0	0	0.001	0	0	0.004
-689	geotraces	SRR5788096	SPO	0.001	0	0	0.001	0	0	0	0	0	0.002	0	0	0	0.001	0.006	0	0.01
-690	geotraces	SRR5788134	SPO	0.001	0	0	0.001	0	0	0	0	0	0.001	0	0	0	0.001	0.003	0	0.006
-691	geotraces	SRR5788177	SPO	0.001	0	0	0.001	0	0	0	0	0	0.003	0	0	0	0.001	0.009	0	0.014
-692	geotraces	SRR5788097	SPO	0.001	0	0	0.001	0	0	0	0	0	0.002	0	0	0	0.001	0.006	0	0.01
-693	geotraces	SRR5788255	SPO	0.001	0	0	0.001	0	0	0	0	0	0.002	0	0	0	0.001	0.01	0	0.015
-694	geotraces	SRR5788094	SPO	0.001	0	0	0.001	0	0	0	0	0	0.002	0	0	0	0.001	0.007	0	0.011
-695	geotraces	SRR5788276	SPO	0.001	0	0	0.001	0	0	0	0	0	0.003	0	0	0.001	0.001	0.018	0.001	0.024
-696	geotraces	SRR5788156	SPO	0.001	0	0	0.001	0	0	0	0	0	0.002	0	0	0	0.001	0.001	0	0.005
-697	geotraces	SRR5787997	SPO	0.001	0	0	0.001	0	0	0	0	0	0.002	0	0	0	0.001	0.001	0	0.004
-698	geotraces	SRR5788262	SPO	0.001	0	0	0.001	0	0	0	0	0	0.002	0	0	0	0.001	0.009	0	0.012
-699	geotraces	SRR5788176	SPO	0.001	0	0	0.001	0	0	0	0	0	0.002	0	0	0	0.001	0.007	0	0.011
-700	geotraces	SRR5788273	SPO	0.001	0	0	0.001	0	0	0	0	0	0.001	0	0	0	0.001	0.005	0	0.008
-701	geotraces	SRR5788331	SPO	0.001	0	0	0.001	0	0	0	0	0	0.002	0	0	0	0.001	0.011	0	0.016
-702	geotraces	SRR5788149	SPO	0.001	0	0	0.001	0	0	0	0	0	0.002	0	0	0	0.001	0.009	0	0.013
-703	geotraces	SRR5788129	SPO	0.001	0	0	0.001	0	0	0	0	0	0.001	0	0	0	0.001	0.005	0	0.008
-704	geotraces	SRR5788359	SPO	0.001	0	0	0.001	0	0	0	0	0	0.002	0	0	0	0.001	0	0.001	0.004
-705	geotraces	SRR5788179	SPO	0.001	0	0	0.001	0	0	0	0	0	0.002	0	0	0	0.001	0.001	0	0.004
-706	geotraces	SRR5788401	SPO	0.001	0	0	0.001	0	0	0	0	0	0.002	0	0	0	0.001	0.001	0	0.005
-707	geotraces	SRR5788363	SPO	0.001	0	0	0.001	0	0	0	0	0	0.002	0	0	0	0.001	0.007	0	0.011
-708	geotraces	SRR5788275	SPO	0.001	0	0	0.001	0	0	0	0	0	0.002	0	0	0	0.001	0.013	0	0.017
-709	geotraces	SRR5788257	SPO	0.001	0	0	0	0	0	0	0	0	0.003	0	0.001	0	0.001	0.01	0	0.016
-710	geotraces	SRR5788333	SPO	0.001	0	0	0.001	0	0	0	0	0	0.003	0	0	0	0.001	0.01	0	0.015
-711	geotraces	SRR5788126	SPO	0.001	0	0	0	0	0	0	0	0	0.002	0	0	0	0.001	0.008	0	0.011
-712	geotraces	SRR5787998	SPO	0.001	0	0	0.001	0	0	0	0	0	0.002	0	0	0	0.001	0.001	0.001	0.005
-713	geotraces	SRR5788038	SPO	0.001	0	0	0	0	0	0	0	0	0.002	0	0	0	0.001	0.002	0	0.006
-714	geotraces	SRR5788398	SPO	0.001	0	0	0.001	0	0	0	0	0	0.002	0	0	0	0	0.001	0	0.004
-715	geotraces	SRR5788125	SPO	0.001	0	0	0.001	0	0	0	0	0	0.002	0	0	0	0.001	0.005	0	0.008
-716	geotraces	SRR5788330	SPO	0.001	0	0	0.001	0	0	0	0	0	0.002	0	0	0	0.001	0.011	0	0.016
-717	geotraces	SRR5788270	SPO	0.001	0	0	0.001	0	0	0	0	0	0.002	0	0	0	0.001	0.003	0	0.007
-718	geotraces	SRR5788293	SPO	0.001	0	0	0.001	0	0	0	0	0	0.002	0	0	0	0.001	0.004	0	0.008
-719	geotraces	SRR5788422	SPO	0.001	0	0	0.001	0	0	0	0	0	0.001	0	0	0	0.001	0	0	0.002
-720	geotraces	SRR5788393	SPO	0.001	0	0	0.001	0	0	0	0	0	0.001	0	0	0	0	0.004	0	0.006
-721	geotraces	SRR5788274	SPO	0.001	0	0	0.001	0	0	0	0	0	0.001	0	0	0	0.001	0.004	0	0.007
-722	geotraces	SRR5788268	SPO	0.001	0	0	0.001	0	0	0	0	0	0.002	0	0	0	0.001	0.005	0	0.009
-723	geotraces	SRR5788406	SPO	0.001	0	0	0	0	0	0	0	0	0.002	0	0	0	0.001	0.004	0	0.008
-724	geotraces	SRR5788326	SPO	0.001	0	0	0	0	0	0	0	0	0.002	0	0	0	0.001	0.008	0	0.012
-725	geotraces	SRR5788295	SPO	0.001	0	0	0.001	0	0	0	0	0	0.001	0	0	0	0.001	0.002	0	0.005
-726	geotraces	SRR5788417	SPO	0.001	0	0	0	0	0	0	0	0	0.003	0	0	0.001	0.001	0.006	0	0.011
-727	geotraces	SRR5788386	SPO	0.001	0	0	0	0	0	0	0	0	0.002	0	0	0	0.001	0.008	0	0.011
-728	geotraces	SRR5788324	SPO	0.001	0	0	0	0	0	0	0	0	0.003	0	0	0	0.001	0.008	0	0.013
-729	geotraces	SRR5788098	SPO	0.001	0	0	0	0	0	0	0	0	0.002	0	0	0	0.001	0.006	0	0.011
-730	geotraces	SRR5788416	SPO	0.001	0	0	0	0	0	0	0	0	0.002	0	0	0	0.001	0.007	0	0.011
-731	geotraces	SRR5788277	SPO	0.001	0	0	0	0	0	0	0	0	0.002	0	0	0	0.001	0.012	0	0.016
-732	geotraces	SRR5788004	SPO	0.001	0	0	0	0	0	0	0	0	0.002	0	0	0	0.001	0.001	0	0.005
-733	geotraces	SRR5788280	SPO	0.001	0	0	0	0	0	0	0	0	0.002	0	0	0	0.001	0.006	0	0.009
-734	geotraces	SRR5788418	SPO	0.001	0	0	0	0	0	0	0	0	0.001	0	0	0	0.001	0.002	0	0.004
-735	geotraces	SRR5788152	SPO	0.001	0	0	0	0	0	0	0	0	0.003	0	0	0	0.001	0.009	0	0.014
-736	geotraces	SRR5788271	SPO	0.001	0	0	0	0	0	0	0	0	0.001	0	0	0	0.001	0.002	0	0.005
-737	geotraces	SRR5788404	SPO	0.001	0	0	0.001	0	0	0	0	0	0.001	0	0	0	0.001	0	0	0.002
-738	geotraces	SRR5788091	SPO	0.001	0	0	0	0	0	0	0	0	0.002	0	0	0	0.001	0.007	0	0.011
-739	geotraces	SRR5788405	SPO	0.001	0	0	0	0	0	0	0	0	0.002	0	0	0	0.001	0.005	0	0.009
-740	geotraces	SRR5788037	SPO	0.001	0	0	0	0	0	0	0	0	0.002	0	0	0	0.001	0.002	0	0.006
-741	geotraces	SRR5788101	SPO	0.001	0	0	0	0	0	0	0	0	0.002	0	0	0	0.001	0.009	0	0.013
-742	geotraces	SRR5788164	SPO	0.001	0	0	0	0	0	0	0	0	0.002	0	0	0	0.001	0.005	0	0.01
-743	geotraces	SRR5788279	SPO	0.001	0	0	0	0	0	0	0	0	0.002	0	0	0	0.001	0.007	0	0.011
-744	geotraces	SRR5788419	SPO	0.001	0	0	0	0	0	0	0	0	0.002	0	0	0	0.001	0.005	0	0.008
-745	geotraces	SRR5788388	SPO	0.001	0	0	0	0	0	0	0	0	0.002	0	0	0	0.001	0.001	0	0.004
-746	geotraces	SRR5788040	SPO	0.001	0	0	0	0	0	0	0	0	0.002	0	0	0	0.001	0.001	0	0.005
-747	geotraces	SRR5788120	SPO	0.001	0	0	0	0	0	0	0	0	0.002	0	0	0	0.001	0.01	0	0.014
-748	geotraces	SRR5788358	SPO	0.001	0	0	0	0	0	0	0	0	0.002	0	0	0	0.001	0.006	0	0.009
-749	geotraces	SRR5787995	SPO	0.001	0	0	0	0	0	0	0	0	0.002	0	0	0	0.001	0.001	0	0.004
-750	geotraces	SRR5788269	SPO	0.001	0	0	0	0	0	0	0	0	0.002	0	0	0	0.001	0.006	0	0.011
-751	geotraces	SRR5788157	SPO	0.001	0	0	0	0	0	0	0	0	0.002	0	0	0	0.001	0.001	0	0.005
-752	geotraces	SRR5788402	SPO	0.001	0	0	0	0	0	0	0	0	0.002	0	0	0	0.001	0.002	0	0.005
-753	geotraces	SRR5788166	SPO	0.001	0	0	0	0	0	0	0	0	0.002	0	0	0	0.001	0.004	0	0.008
-754	geotraces	SRR5788457	SPO	0.001	0	0	0	0	0	0	0	0	0.002	0	0	0	0.001	0.005	0	0.009
-755	geotraces	SRR5788400	SPO	0.001	0	0	0	0	0	0	0	0	0.002	0	0	0	0.001	0.001	0	0.005
-756	geotraces	SRR5788389	SPO	0.001	0	0	0	0	0	0	0	0	0.002	0	0	0	0.001	0.002	0	0.005
-757	geotraces	SRR5788042	SPO	0.001	0	0	0	0	0	0	0	0	0.002	0	0	0	0.001	0.002	0	0.006
-758	geotraces	SRR5788278	SPO	0.001	0	0	0	0	0	0	0	0	0.002	0	0	0	0.001	0.011	0	0.016
-759	geotraces	SRR5788044	SPO	0.001	0	0	0	0	0	0	0	0	0.002	0	0	0	0.001	0.002	0	0.006
-760	geotraces	SRR5788267	SPO	0.001	0	0	0	0	0	0	0	0	0.002	0	0	0	0.001	0	0	0.004
-761	geotraces	SRR5788045	SPO	0.001	0	0	0	0	0	0	0	0	0.002	0	0	0	0.001	0.002	0	0.006
-762	geotraces	SRR5788039	SPO	0	0	0	0	0	0	0	0	0	0.002	0	0	0	0.001	0.001	0	0.005
-763	geotraces	SRR5787996	SPO	0	0	0	0	0	0	0	0	0	0.002	0	0	0	0.001	0.001	0.001	0.006
-764	geotraces	SRR5788043	SPO	0	0	0	0	0	0	0	0	0	0.002	0	0	0	0.001	0.002	0	0.006
-765	geotraces	SRR5788102	SPO	0	0	0	0	0	0	0	0	0	0.002	0	0	0	0.001	0.009	0	0.013
-766	geotraces	SRR5788399	SPO	0	0	0	0	0	0	0	0	0	0.002	0	0	0	0.001	0.001	0	0.004
-767	geotraces	SRR5788041	SPO	0	0	0	0	0	0	0	0	0	0.002	0	0	0	0.001	0.001	0	0.005
-768	geotraces	SRR5788266	SPO	0	0	0	0	0	0	0	0	0	0.002	0	0	0	0.001	0.001	0.001	0.005
-769	geotraces	SRR5788154	SPO	0	0	0	0	0	0	0	0	0	0.002	0	0	0	0.001	0.001	0	0.004
-770	geotraces	SRR5788361	SPO	0	0	0	0	0	0	0	0	0	0.002	0	0	0	0.001	0	0.001	0.004
-771	geotraces	SRR5788362	SPO	0	0	0	0	0	0	0	0	0	0.001	0	0	0	0.001	0	0	0.003
-772	geotraces	SRR5788003	SPO	0	0	0	0	0	0	0	0	0	0.002	0	0	0	0.001	0.001	0	0.004
-773	geotraces	SRR5788364	SPO	0	0	0	0	0	0	0	0	0	0.001	0	0	0	0.001	0	0	0.003
-775	kwang	ERR2092761	Site1_201502	0.015	0.001	0	0.007	0.002	0	0.001	0.004	0	0.946	0.295	0.031	0.011	0.017	0.033	0.002	1.335
-776	kwang	ERR2092762	Site2_201502	0.009	0.001	0	0.001	0.003	0	0.001	0.003	0	2.564	0.813	0.053	0.02	0.489	0.275	0.003	4.217
-777	kwang	ERR2092763	Site3_201502	0.007	0.001	0	0.001	0.003	0	0	0.001	0	2.255	0.7	0.061	0.024	0.913	0.535	0.003	4.491
-778	kwang	ERR2092764	Site4_201502	0.003	0	0	0.001	0.001	0	0	0	0	1.998	0.62	0.028	0.012	1.932	0.629	0.002	5.222
-779	kwang	ERR2092765	Site5_201502	0.004	0	0	0.001	0.002	0	0	0	0	1.54	0.454	0.036	0.015	0.38	0.524	0.002	2.951
-780	kwang	ERR2092766	Site1_201505	0.006	0	0	0.002	0.001	0	0	0.001	0	0.12	0.038	0.003	0.002	0.003	0.011	0.001	0.177
-781	kwang	ERR2092767	Site2_201505	0.019	0.001	0	0.007	0.004	0.001	0.001	0.005	0	10.077	3.25	0.27	0.019	0.06	5.44	0.007	19.124
-782	kwang	ERR2092768	Site3_201505	0.021	0.001	0.001	0.011	0.004	0.001	0.001	0.004	0	4.35	1.356	0.28	0.018	0.796	4.383	0.005	11.189
-783	kwang	ERR2092769	Site4_201505	0.081	0	0.001	0.074	0.002	0	0	0.002	0	6.169	1.857	0.17	0.011	1.745	3.609	0.005	13.567
-784	kwang	ERR2092770	Site5_201505	0.034	0.001	0	0.026	0.003	0	0	0.003	0	7.384	2.247	0.061	0.01	1.781	11.875	0.008	23.367
-785	kwang	ERR2092771	Site1_201508	1.642	0.177	0.013	0.091	0.414	0.042	0.791	0.08	0.035	0.009	0.003	0.001	0	0	0.017	0.917	0.982
-786	kwang	ERR2092772	Site2_201508	1.817	0.19	0.015	0.095	0.433	0.046	0.911	0.087	0.039	0.02	0.007	0.001	0.001	0.02	0.045	1.538	1.669
-787	kwang	ERR2092773	Site3_201508	2.383	0.207	0.025	0.578	0.454	0.05	0.935	0.092	0.042	0.04	0.013	0.001	0.001	0.011	0.16	1.708	1.976
-788	kwang	ERR2092774	Site4_201508	1.203	0.127	0.011	0.067	0.299	0.03	0.585	0.058	0.026	0.279	0.086	0.004	0.004	0.073	1.433	1.159	3.064
-789	kwang	ERR2092775	Site5_201508	1.074	0.118	0.01	0.058	0.264	0.029	0.513	0.058	0.024	0.493	0.162	0.015	0.016	0.051	1.309	0.468	2.539
-790	red sea	SRR5864989	control mesocosm	0.952	0.115	0.014	0.079	0.364	0.021	0.273	0.068	0.019	0.006	0.006	0.001	0.001	0.001	0.006	6.982	7.022
-791	red sea	SRR5864978	control mesocosm	0.595	0.073	0.008	0.046	0.237	0.014	0.163	0.042	0.012	0.004	0.002	0	0.001	0	0.003	2.895	2.917
-792	red sea	SRR5865006	control mesocosm	0.543	0.057	0.007	0.044	0.268	0.012	0.113	0.033	0.009	0.003	0.001	0.001	0	0.001	0.002	1.906	1.923
-793	red sea	SRR5864984	control mesocosm	0.416	0.048	0.007	0.035	0.169	0.01	0.109	0.03	0.008	0.004	0.004	0.001	0.001	0	0.003	3.954	3.976
-794	red sea	SRR5865033	control mesocosm	0.244	0.03	0.003	0.022	0.094	0.006	0.067	0.018	0.005	0.004	0.003	0.001	0.001	0.001	0.003	3.491	3.507
-795	red sea	SRR5865029	control mesocosm	0.218	0.025	0.003	0.017	0.091	0.005	0.057	0.016	0.004	0.005	0.004	0.001	0.001	0.001	0.005	4.972	4.993
-796	red sea	SRR5864997	control mesocosm	0.14	0.016	0.002	0.013	0.056	0.003	0.037	0.011	0.003	0.005	0.004	0.001	0.001	0.001	0.004	5.127	5.145
-797	red sea	SRR5865005	control mesocosm	0.128	0.015	0.002	0.011	0.052	0.002	0.032	0.011	0.002	0.006	0.01	0.001	0.001	0.001	0.009	12.032	12.062
-798	red sea	SRR5864998	control mesocosm	0.118	0.014	0.002	0.01	0.046	0.003	0.033	0.01	0.002	0.003	0.004	0.001	0.001	0.001	0.004	5.173	5.189
-799	red sea	SRR5864994	control mesocosm	0.092	0.01	0.001	0.009	0.039	0.002	0.022	0.007	0.002	0.005	0.005	0.001	0.001	0	0.005	5.122	5.14
-800	red sea	SRR5865045	control mesocosm	0.062	0.006	0.001	0.006	0.026	0.001	0.016	0.006	0.001	0.005	0.006	0.001	0.001	0.001	0.006	6.587	6.607
-801	red sea	SRR5865019	control mesocosm	0.044	0.005	0.001	0.004	0.019	0.001	0.01	0.004	0.001	0.006	0.004	0.001	0.002	0.001	0.006	6.53	6.552
-802	red sea	SRR5865041	control mesocosm	0.037	0.004	0.001	0.005	0.014	0.001	0.01	0.002	0.001	0.001	0.001	0	0	0	0.001	1.381	1.387
-803	red sea	SRR5865014	control mesocosm	0.036	0.004	0.001	0.003	0.015	0.001	0.009	0.003	0.001	0.005	0.003	0.001	0.001	0.001	0.005	4.937	4.953
-804	red sea	SRR5864977	N,P mesocosm, 1 day	2.282	0.261	0.024	0.166	0.989	0.05	0.601	0.148	0.043	0.024	0.014	0.002	0.002	0.001	0.014	15.411	15.51
-805	red sea	SRR5865027	N,P mesocosm, 1 day	2.007	0.24	0.028	0.158	0.821	0.046	0.535	0.139	0.039	0.005	0.003	0.001	0.001	0.001	0.002	2.607	2.658
-806	red sea	SRR5865031	N,P mesocosm, 1 day	1.456	0.183	0.02	0.113	0.566	0.036	0.402	0.107	0.029	0.008	0.006	0.001	0.001	0.001	0.006	7.156	7.207
-807	red sea	SRR5864979	N,P mesocosm, 1 day	0.318	0.037	0.005	0.025	0.129	0.007	0.084	0.023	0.006	0.004	0.003	0	0	0	0.003	2.769	2.787
-808	red sea	SRR5865011	N,P mesocosm, 1 day	0.205	0.024	0.003	0.018	0.079	0.005	0.056	0.015	0.004	0.003	0.003	0.001	0.001	0	0.003	3.034	3.049
-809	red sea	SRR5864995	N,P mesocosm, 1 day	0.125	0.013	0.002	0.021	0.046	0.003	0.028	0.009	0.002	0.003	0.003	0.001	0.001	0	0.003	3.14	3.153
-810	red sea	SRR5865037	N,P mesocosm, 1 day	0.087	0.01	0.001	0.006	0.036	0.002	0.021	0.009	0.001	0.008	0.007	0.001	0.001	0.001	0.01	9.344	9.373
-811	red sea	SRR5864988	N,P mesocosm, 1 day	0.077	0.008	0.001	0.006	0.029	0.003	0.019	0.009	0.001	0.005	0.003	0.001	0.001	0	0.003	2.79	2.804
-812	red sea	SRR5865032	N,P mesocosm, 1 day	0.048	0.005	0.001	0.003	0.019	0.002	0.011	0.007	0.001	0.006	0.004	0.001	0.001	0.001	0.006	4.831	4.85
-813	red sea	SRR5865018	N,P mesocosm, 1 day	0.046	0.005	0	0.004	0.02	0.001	0.011	0.004	0.001	0.007	0.005	0.001	0.002	0.001	0.008	7.883	7.909
-814	red sea	SRR5865002	N,P mesocosm, 1 day	0.041	0.004	0	0.004	0.016	0.001	0.009	0.006	0.001	0.006	0.009	0.001	0.001	0.001	0.009	8.976	9.003
-815	red sea	SRR5864999	N,P mesocosm, 1 day	0.037	0.004	0	0.003	0.015	0.001	0.009	0.004	0.001	0.004	0.004	0.001	0.001	0	0.005	4.001	4.017
-816	red sea	SRR5865044	N,P mesocosm, 1 day	0.028	0.003	0	0.003	0.012	0.001	0.007	0.003	0	0.005	0.004	0.001	0.002	0.001	0.004	3.636	3.653
-817	red sea	SRR5865017	N,P mesocosm, 1 day	0.027	0.003	0	0.003	0.011	0	0.006	0.003	0	0.005	0.004	0.001	0.001	0.001	0.006	5.537	5.555
-818	red sea	SRR5865040	N,P mesocosm, 1 day	0.026	0.003	0	0.003	0.01	0.001	0.006	0.003	0	0.005	0.006	0.001	0.002	0.001	0.007	5.493	5.515
-819	red sea	SRR5864991	N,P mesocosm, 1 day	0.02	0.002	0	0.001	0.007	0.001	0.004	0.004	0	0.003	0.001	0	0	0	0.002	1.13	1.137
-820	red sea	SRR5865046	N,P mesocosm, 1 day	0.016	0.001	0	0.001	0.007	0	0.004	0.002	0	0.005	0.002	0.001	0.002	0	0.003	2.747	2.76
-821	red sea	SRR5865026	N,P mesocosm, 2 week	5.321	0.268	0.018	0.115	4.142	0.054	0.473	0.199	0.052	0.004	0.001	0	0	0	0.001	0.701	0.759
-822	red sea	SRR5864983	N,P mesocosm, 2 week	2.309	0.27	0.025	0.159	0.947	0.053	0.649	0.155	0.049	0.007	0.004	0.001	0.001	0	0.004	3.704	3.77
-823	red sea	SRR5865049	N,P mesocosm, 2 week	1.23	0.136	0.017	0.094	0.54	0.028	0.31	0.082	0.023	0.005	0.004	0.001	0	0	0.003	3.75	3.787
-824	red sea	SRR5865022	N,P mesocosm, 2 week	0.313	0.035	0.004	0.023	0.132	0.007	0.08	0.024	0.006	0.01	0.01	0.001	0.001	0.001	0.011	9.776	9.817
-825	red sea	SRR5865050	N,P mesocosm, 2 week	0.247	0.029	0.002	0.016	0.112	0.006	0.062	0.017	0.005	0.001	0	0	0	0	0	0.138	0.144
-826	red sea	SRR5865039	N,P mesocosm, 2 week	0.091	0.009	0.001	0.006	0.039	0.003	0.02	0.011	0.001	0.01	0.009	0.002	0.002	0.002	0.01	12.8	12.834
-827	red sea	SRR5864985	N,P mesocosm, 2 week	0.09	0.01	0.001	0.007	0.038	0.003	0.022	0.008	0.002	0.003	0.001	0	0	0	0.001	1.089	1.096
-828	red sea	SRR5865000	N,P mesocosm, 2 week	0.056	0.005	0.001	0.004	0.024	0.001	0.011	0.009	0.001	0.009	0.016	0.001	0.002	0.001	0.014	18.516	18.56
-829	red sea	SRR5865024	N,P mesocosm, 2 week	0.047	0.005	0.001	0.004	0.02	0.001	0.011	0.004	0.001	0.007	0.005	0.001	0.002	0.001	0.007	5.994	6.018
-830	red sea	SRR5865020	N,P mesocosm, 2 week	0.043	0.004	0.001	0.004	0.019	0.001	0.009	0.004	0.001	0.006	0.005	0.001	0.002	0.001	0.007	7.479	7.502
-831	red sea	SRR5865034	N,P mesocosm, 2 week	0.033	0.003	0	0.003	0.015	0	0.006	0.004	0.001	0.007	0.007	0.001	0.001	0	0.009	9.463	9.49
-832	red sea	SRR5865051	N,P mesocosm, 2 week	0.032	0.003	0	0.003	0.013	0.001	0.006	0.006	0	0.006	0.012	0.001	0.001	0.001	0.012	12.913	12.946
-833	red sea	SRR5864996	N,P mesocosm, 2 week	0.023	0.002	0	0.003	0.009	0	0.004	0.003	0	0.005	0.006	0.001	0.001	0	0.006	6.569	6.589
-834	red sea	SRR5864993	N,P mesocosm, 2 week	0.021	0.002	0	0.002	0.01	0	0.004	0.003	0	0.004	0.004	0.001	0.001	0	0.005	5.306	5.322
-835	red sea	SRR5865025	N,P,Si mesocosm, 2 week	18.175	1.238	0.088	0.498	13.098	0.252	1.934	0.841	0.226	0.009	0.001	0.002	0.001	0.001	0.002	0.491	0.733
-836	red sea	SRR5865028	N,P,Si mesocosm, 2 week	10.234	1.162	0.125	0.738	4.432	0.219	2.682	0.68	0.196	0.012	0.002	0.003	0.002	0	0.003	0.551	0.77
-837	red sea	SRR5865010	N,P,Si mesocosm, 2 week	9.398	0.79	0.067	0.418	5.632	0.157	1.614	0.571	0.149	0.006	0.001	0.002	0.001	0.001	0.002	0.046	0.207
-838	red sea	SRR5865009	N,P,Si mesocosm, 2 week	8.864	0.607	0.045	0.335	6.104	0.12	1.124	0.415	0.113	0.023	0.001	0.003	0.002	0.001	0.002	0.071	0.215
-839	red sea	SRR5865007	N,P,Si mesocosm, 2 week	4.802	0.28	0.014	0.091	3.735	0.064	0.355	0.213	0.05	0.01	0.002	0.002	0.001	0.001	0.002	1.806	1.874
-840	red sea	SRR5865023	N,P,Si mesocosm, 2 week	3.807	0.575	0.072	0.144	1.724	0	0.718	0.431	0.144	0	0	0	0	0	0	0.359	0.503
-841	red sea	SRR5864990	N,P,Si mesocosm, 2 week	0.632	0.073	0.008	0.045	0.275	0.015	0.161	0.043	0.012	0.005	0.001	0.002	0.001	0	0.001	0.165	0.187
-842	red sea	SRR5864981	N,P,Si mesocosm, 2 week	0.545	0.065	0.007	0.04	0.226	0.013	0.144	0.039	0.011	0.015	0.002	0.006	0.002	0.001	0.003	1.461	1.502
-843	red sea	SRR5865030	N,P,Si mesocosm, 2 week	0.141	0.017	0.002	0.011	0.057	0.003	0.037	0.011	0.003	0.007	0.004	0.002	0.001	0.001	0.005	4.489	4.511
-844	red sea	SRR5865038	N,P,Si mesocosm, 2 week	0.088	0.009	0.001	0.007	0.04	0.002	0.021	0.006	0.002	0.005	0.002	0.002	0.001	0.001	0.003	1.75	1.766
-845	red sea	SRR5864986	N,P,Si mesocosm, 2 week	0.039	0.004	0.001	0.004	0.016	0.001	0.009	0.004	0.001	0.006	0.004	0.001	0.002	0	0.005	4.994	5.013
-846	red sea	SRR5865015	N,P,Si mesocosm, 2 week	0.029	0.003	0	0.002	0.013	0.001	0.007	0.002	0	0.004	0.003	0.001	0.001	0.001	0.004	3.97	3.984
-847	red sea	SRR5865004	N,P,Si mesocosm, 2 week	0.017	0.001	0	0.001	0.007	0	0.003	0.004	0	0.004	0.007	0.001	0.001	0.001	0.007	7.675	7.696
-848	red sea	SRR5865001	N,P,Si mesocosm, 2 week	0.014	0.001	0	0.001	0.006	0	0.003	0.002	0	0.002	0.003	0	0	0	0.003	3.692	3.702
-849	red sea	SRR5865042	N,P,Si mesocosm, 2 week	0.004	0	0	0.001	0.002	0	0.001	0	0	0.001	0.001	0	0	0	0.001	1.225	1.23
-850	red sea	SRR5865012	N,P,Si mesocosm, 1 day	8.109	0.979	0.119	0.639	3.149	0.189	2.298	0.568	0.168	0.009	0.001	0.001	0.001	0.001	0.002	0.297	0.48
-851	red sea	SRR5865008	N,P,Si mesocosm, 1 day	4.575	0.536	0.047	0.331	1.897	0.095	1.281	0.298	0.09	0.002	0	0.001	0	0	0.001	0.04	0.134
-852	red sea	SRR5864982	N,P,Si mesocosm, 1 day	0.302	0.037	0.004	0.025	0.117	0.007	0.085	0.022	0.006	0.002	0	0.001	0	0	0.001	0.256	0.267
-853	red sea	SRR5864980	N,P,Si mesocosm, 1 day	0.278	0.035	0.004	0.02	0.109	0.007	0.075	0.022	0.006	0.008	0.001	0.001	0	0.001	0.001	0.825	0.843
-854	red sea	SRR5864992	N,P,Si mesocosm, 1 day	0.209	0.024	0.003	0.017	0.081	0.005	0.058	0.017	0.004	0.009	0.003	0.003	0.002	0.001	0.005	2.857	2.883
-855	red sea	SRR5865035	N,P,Si mesocosm, 1 day	0.088	0.011	0	0.012	0.037	0.002	0.018	0.007	0.002	0.005	0.003	0	0.001	0.001	0.005	3.777	3.793
-856	red sea	SRR5864976	N,P,Si mesocosm, 1 day	0.088	0.01	0.001	0.007	0.035	0.003	0.022	0.009	0.002	0.003	0.002	0.001	0	0.001	0.002	1.31	1.321
-857	red sea	SRR5865052	N,P,Si mesocosm, 1 day	0.045	0.002	0.001	0.024	0.009	0	0.005	0.003	0	0.004	0.003	0.001	0.001	0	0.005	3.814	3.828
-858	red sea	SRR5865043	N,P,Si mesocosm, 1 day	0.038	0.004	0.001	0.004	0.015	0.001	0.009	0.004	0.001	0.005	0.004	0.001	0.002	0.001	0.006	5.098	5.116
-859	red sea	SRR5865003	N,P,Si mesocosm, 1 day	0.035	0.003	0.001	0.006	0.013	0.001	0.007	0.004	0.001	0.004	0.005	0.001	0.001	0.001	0.006	5.388	5.408
-860	red sea	SRR5865013	N,P,Si mesocosm, 1 day	0.025	0.003	0	0.002	0.01	0.001	0.006	0.003	0	0.003	0.002	0.001	0	0	0.002	1.711	1.719
-861	red sea	SRR5865016	N,P,Si mesocosm, 1 day	0.018	0.002	0	0.002	0.007	0	0.004	0.002	0	0.002	0.001	0	0.001	0	0.002	1.897	1.905
-862	red sea	SRR5865036	N,P,Si mesocosm, 1 day	0.017	0.002	0	0.001	0.007	0.001	0.003	0.002	0	0.003	0.002	0.001	0.001	0	0.004	2.681	2.692
-863	red sea	SRR5865047	N,P,Si mesocosm, 1 day	0.012	0.001	0	0.001	0.005	0	0.003	0.001	0	0.003	0.001	0.001	0.001	0.001	0.002	1.813	1.823
-864	red sea	SRR5865021	N,P,Si mesocosm, 1 day	0.01	0.001	0	0.001	0.005	0	0.002	0.001	0	0.004	0.002	0.001	0.001	0.001	0.003	2.889	2.901
