sample	CHUG	LE17	RCA23	HTCC2083	HTCC2150	HTCC2255	SB2	HIMB11	Depth	Latitude	Salinity	Temperature	Oxygen	NO3	NO2	NO2NO3	PO4	Si	Density	Fluorescence	ChlorophyllA	Carbon.total
ERR3586747	0.144073	0.000323	0.006813	0.000825	0.000312	0.001374	0.000565	0.000166	499	76.1246	34.94578	0.099535	315.37205	13.010683					28.05824	2.250862	0	
ERR3586741	0.13834	0.000271	0.00592	0.000172	0.000113	0.002189	0.000136	0.000017	299	78.0391	34.92558	1.59404	293.889						27.94409	2.592579	0	
ERR3586738	0.123647	0.000441	0.013656	0.00024	0.000172	0.002916	0.000779	0.000031	411	70.9433	34.50669	3.03554	230.0861	13.409788					27.488995	3.097493	0	
ERR3586739	0.109402	0.001154	0.020533	0.000708	0.000739	0.003273	0.000625	0.000116	199	79.2026	34.8814	1.47689	296.228	11.691602	0.019	11.508	0.730535	4.994604	27.91825	2.51048	0.008083	
ERR3586713	0.072731	0.000311	0.006723	0.000833	0.000334	0.001126	0.000519	0.000122	499	76.1246	34.94578	0.099535	315.37205	13.010683					28.05824	2.250862	0	
ERR3586701	0.102199	0.001267	0.020697	0.000724	0.000804	0.003027	0.000645	0.000139	199	79.2026	34.8814	1.47689	296.228	11.691602	0.019	11.508	0.730535	4.994604	27.91825	2.51048	0.008083	
ERR3586749	0.093662	0.002888	0.043066	0.001536	0.000344	0.238946	0.001699	0.000149		72.5199	34.978285	3.1072	303.31905	0	0	0.821	0.098435	1.459545	27.85433	2.699	0.321278	0.11945
ERR3586750	0.07489	0.010729	0.209247	0.00392	0.003076	0.058947	0.001568	0.000672	5	78.9564	33.613775	-0.160312	385.28075	2.099614	0.0015	0.441	0.056871	0.273079	26.994413	2.28495	0.417069	0.43265
ERR3586692	0.076126	0.000162	0.002698	0.000107	0.000128	0.003251	0.000213	0.000027	391	61.5754	34.939595	4.791395	271.8744	16.017641	0.134	9.908	0.851461	4.07817	27.65512	2.284852	0	0.0023
ERR3586677	0.068266	0.000459	0.012412	0.000272	0.000176	0.002791	0.000793	0.000037	411	70.9433	34.50669	3.03554	230.0861	13.409788					27.488995	3.097493	0	
ERR3586735	0.064639	0.000164	0.002438	0.000123	0.000115	0.003191	0.000246	0.000023	391	61.5754	34.939595	4.791395	271.8744	16.017641	0.134	9.908	0.851461	4.07817	27.65512	2.284852	0	0.0023
ERR3586678	0.058297	0.001377	0.015482	0.000471	0.000322	0.029905	0.00049	0.000089	5	69.1136	32.99175	3.1965	303.326	1.791002	0.1665	1.916	0.312072	0.819597	26.265	2.6962	0.39292	0.08585
ERR3586693	0.029038	0.000804	0.009516	0.000748	0.000776	0.0014	0.000169	0.000175	35	73.3275	31.56495	-0.987833	396.848083	0	0.441	1.9045	0.866194	5.566842	25.370225	3.843304	0.544297	0.2799
ERR3586736	0.02866	0.000796	0.009559	0.000617	0.000664	0.001453	0.00019	0.000183	35	73.3275	31.56495	-0.987833	396.848083	0	0.441	1.9045	0.866194	5.566842	25.370225	3.843304	0.544297	0.2799
ERR3586684	0.025268	0.013576	0.211219	0.005892	0.005662	0.044863	0.001624	0.001395	5	73.3833	27.442	-0.585333	368.662625	0	0.126	0.2285	0.361653	1.424261	22.016175	2.417638	0.404899	0.0658
ERR3586744	0.024797	0.01369	0.202407	0.005782	0.005588	0.044757	0.001579	0.001729	5	73.3833	27.442	-0.585333	368.662625	0	0.126	0.2285	0.361653	1.424261	22.016175	2.417638	0.404899	0.0658
ERR3586714	0.028006	0.001385	0.014996	0.000462	0.000318	0.030025	0.000443	0.00009	5	69.1136	32.99175	3.1965	303.326	1.791002	0.1665	1.916	0.312072	0.819597	26.265	2.6962	0.39292	0.08585
ERR3586743	0.019884	0.004782	0.06757	0.003707	0.004586	0.319965	0.000851	0.000526	5	71.0704	29.0291	2.4534	339.4475	0	0.125	6.2695	1.614977	30.149509	23.1614	2.524221	0.58652	0.1744
ERR3586705	0.018369	0.004852	0.083991	0.008806	0.008392	0.03122	0.001529	0.000547	30	74.8283	33.646092	-1.533492	356.223917		0.075667	2.080833	0.482771	8.877352	27.072625	6.974842	0.509085	0.6226
ERR3586694	0.01752	0.00234	0.036907	0.002487	0.003839	0.015274	0.000414	0.000508	5	74.2987	30.70185	-1.32986	368.52475	3.75923	0.0775	1.328	0.526245	2.062045	24.678167	3.00669	0.79676	0.3843
ERR3586682	0.018605	0.010993	0.176147	0.002412	0.002006	0.003635	0.002297	0.000633	5	71.5955	28.41685	1.48885	340.44375		0.07525	1.06325	1.195806	19.646147	22.7306	6.44771	0.431723	0.05735
ERR3586742	0.017338	0.011156	0.169889	0.002534	0.001806	0.003836	0.002363	0.000707	5	71.5955	28.41685	1.48885	340.44375		0.07525	1.06325	1.195806	19.646147	22.7306	6.44771	0.431723	0.05735
ERR3586723	0.014729	0.004724	0.08038	0.008688	0.008255	0.030934	0.001499	0.000534	30	74.8283	33.646092	-1.533492	356.223917		0.075667	2.080833	0.482771	8.877352	27.072625	6.974842	0.509085	0.6226
ERR3586681	0.014824	0.000253	0.006202	0.000148	0.00011	0.002241	0.000169	0.000033	299	78.0391	34.92558	1.59404	293.889						27.94409	2.592579	0	
ERR3586706	0.012543	0.004107	0.059644	0.001354	0.001794	0.015534	0.000605	0.000272	5	78.2518	32.950844	-1.649738	388.303875		0.074	0.513	0.216027	0.465648	26.511331	2.853854	1.417326	1.68195
ERR3586724	0.009977	0.00408	0.058503	0.001384	0.001609	0.01559	0.000586	0.000257	5	78.2518	32.950844	-1.649738	388.303875		0.074	0.513	0.216027	0.465648	26.511331	2.853854	1.417326	1.68195
ERR3586748	0.009449	0.000895	0.006198	0.000958	0.000159	0.290834	0.000557	0.000038	5	72.5128	34.92331	7.48766	299.0073	0	0	0.0595	0	1.725127	27.289205	2.102862	0.825342	0.217
ERR3586722	0.001845	0.007021	0.064879	0.001595	0.001415	0.003437	0.001262	0.000361	5	74.8023	22.980169	2.507887	357.164917		0.014667	0.247333	0.238302	11.775524	18.339325	19.191431	0.547446	0.085767
ERR3586704	0.001903	0.007219	0.066473	0.00171	0.001475	0.003168	0.001155	0.000386	5	74.8023	22.980169	2.507887	357.164917		0.014667	0.247333	0.238302	11.775524	18.339325	19.191431	0.547446	0.085767
ERR3586745	0.00312	0.00148	0.017909	0.005488	0.004873	0.06217	0.000397	0.001019	36	74.3386	31.947283	-0.409335	343.877833	5.355932	0.025	2.133	0.6443	4.087196	25.654808	3.403455	0.879487	0.5729
ERR3586686	0.002947	0.001429	0.018386	0.005338	0.005084	0.061205	0.000421	0.001023	36	74.3386	31.947283	-0.409335	343.877833	5.355932	0.025	2.133	0.6443	4.087196	25.654808	3.403455	0.879487	0.5729
ERR3586690	0.004085	0.001688	0.037667	0.000842	0.000248	0.010556	0.001387	0.000111	351	64.7	34.59923	4.20173	273.02835	10.622333					27.448865	2.548801	0	0.0102
ERR3586733	0.003946	0.001612	0.035805	0.000831	0.000254	0.0106	0.001454	0.000112	351	64.7	34.59923	4.20173	273.02835	10.622333					27.448865	2.548801	0	0.0102
ERR3586683	0.002553	0.005046	0.070097	0.003366	0.004426	0.311185	0.000791	0.000579	5	71.0704	29.0291	2.4534	339.4475	0	0.125	6.2695	1.614977	30.149509	23.1614	2.524221	0.58652	0.1744
ERR3586698	0.001017	0.010797	0.209765	0.003899	0.003184	0.057761	0.001622	0.000626	5	78.9564	33.613775	-0.160312	385.28075	2.099614	0.0015	0.441	0.056871	0.273079	26.994413	2.28495	0.417069	0.43265
ERR3586720	0.000433	0.006305	0.082358	0.001822	0.003713	0.012132	0.001247	0.000355	5	79.2233	34.264755	1.365705	369.289812	2.150477	0.001	0.3685	0.063634	0.523062	27.429195	2.134432	1.019477	0.21605
ERR3586700	0.000411	0.006289	0.085763	0.001779	0.003681	0.012393	0.001221	0.000346	5	79.2233	34.264755	1.365705	369.289812	2.150477	0.001	0.3685	0.063634	0.523062	27.429195	2.134432	1.019477	0.21605
ERR3586737	0.000474	0.002242	0.036179	0.002734	0.003981	0.015231	0.000456	0.000481	5	74.2987	30.70185	-1.32986	368.52475	3.75923	0.0775	1.328	0.526245	2.062045	24.678167	3.00669	0.79676	0.3843
ERR3586719	0.000434	0.005055	0.058007	0.004671	0.002283	0.011835	0.001151	0.000284	35	78.9354	34.4561	-1.29785	348.000625	4.427788	0.026	1.709	0.209065	0.231772	27.72345	3.166069	2.003142	1.3839
ERR3586699	0.00042	0.005089	0.060586	0.004747	0.00241	0.011797	0.001193	0.000295	35	78.9354	34.4561	-1.29785	348.000625	4.427788	0.026	1.709	0.209065	0.231772	27.72345	3.166069	2.003142	1.3839
ERR3586702	0.000881	0.004335	0.062818	0.00155	0.001149	0.009452	0.000591	0.000257		79.3349	34.691775	1.025705	314.71675		0.0475	2.5925	0.35669	1.74362	27.839725	2.380822	0.514823	0.0912
ERR3586740	0.000905	0.004425	0.063472	0.001625	0.001007	0.009709	0.00063	0.000292		79.3349	34.691775	1.025705	314.71675		0.0475	2.5925	0.35669	1.74362	27.839725	2.380822	0.514823	0.0912
ERR3586703	0.000515	0.005514	0.086796	0.006516	0.015983	0.033482	0.001389	0.000976	5	77.1604	34.142392	1.325833	348.196667		0.008333	0.278	0.047034	0.244154	27.333308	2.15788	0.119264	0.023975
ERR3586721	0.00049	0.005458	0.085983	0.00659	0.015915	0.03314	0.001276	0.000878	5	77.1604	34.142392	1.325833	348.196667		0.008333	0.278	0.047034	0.244154	27.333308	2.15788	0.119264	0.023975
ERR3586697	0.001899	0.002782	0.044408	0.001556	0.000357	0.234658	0.001608	0.000124		72.5199	34.978285	3.1072	303.31905	0	0	0.821	0.098435	1.459545	27.85433	2.699	0.321278	0.11945
ERR3586679	0.000294	0.00364	0.050794	0.000686	0.000728	0.042173	0.000696	0.000152	5	77.9028	28.82053	0.10149	363.6485						23.11621	5.496034	0.815481	
ERR3586726	0.000326	0.003576	0.049714	0.000659	0.000675	0.041885	0.000657	0.00017	5	77.9028	28.82053	0.10149	363.6485						23.11621	5.496034	0.815481	
ERR3586718	0.000857	0.002079	0.021473	0.002857	0.000403	0.173146	0.003021	0.000166	40	72.5432	34.975345	3.824545	326.3609	0	0.063	0.821	0.098435	1.135333	27.784685	2.454789	1.1063	0.1971
ERR3586687	0.000507	0.003917	0.047524	0.004045	0.005736	0.10092	0.001113	0.00068	5	72.4693	31.99537	-0.479225	353.1935	3.880872	0.0895	0.411	0.560568	0.298067	25.7008	3.112706	1.1319	0.8194
ERR3586696	0.000835	0.002112	0.022369	0.002933	0.000454	0.171904	0.002971	0.000157	40	72.5432	34.975345	3.824545	326.3609	0	0.063	0.821	0.098435	1.135333	27.784685	2.454789	1.1063	0.1971
ERR3586746	0.000453	0.003791	0.046779	0.004193	0.005875	0.100142	0.00126	0.000879	5	72.4693	31.99537	-0.479225	353.1935	3.880872	0.0895	0.411	0.560568	0.298067	25.7008	3.112706	1.1319	0.8194
ERR3586717	0.000329	0.00097	0.013454	0.001081	0.002281	0.003956	0.000364	0.000168	5	76.1825	34.888656	1.899612	363.000813	4.980653	0.101	2.7725	0.290483	4.18531	27.890469	2.258868	2.780097	
ERR3586712	0.000288	0.000927	0.013267	0.001187	0.002202	0.003774	0.000322	0.000163	5	76.1825	34.888656	1.899612	363.000813	4.980653	0.101	2.7725	0.290483	4.18531	27.890469	2.258868	2.780097	
ERR3586695	0.001027	0.000927	0.006824	0.001112	0.000231	0.284057	0.000723	0.000072	5	72.5128	34.92331	7.48766	299.0073	0	0	0.0595	0	1.725127	27.289205	2.102862	0.825342	0.217
ERR3586727	0.000216	0.001784	0.030689	0.000435	0.000414	0.013158	0.00074	0.000091	20	77.9668	32.726735	-0.607125	371.05845						26.29815	4.162668	0.892787	
ERR3586680	0.00022	0.001791	0.031262	0.000389	0.000363	0.012749	0.000738	0.000078	20	77.9668	32.726735	-0.607125	371.05845						26.29815	4.162668	0.892787	
ERR3586707	0.000513	0.001929	0.045113	0.0009	0.000935	0.007497	0.000433	0.000222	17	78.3555	33.436706	-1.647244	373.061		0.124	1.227	0.307592	0.851791	26.906337	2.982844	1.375654	1.7308
ERR3586725	0.00051	0.001983	0.044067	0.000948	0.000976	0.007835	0.000391	0.000237	17	78.3555	33.436706	-1.647244	373.061		0.124	1.227	0.307592	0.851791	26.906337	2.982844	1.375654	1.7308
ERR3586715	0.000578	0.001806	0.022771	0.000358	0.000295	0.522163	0.002084	0.000146	5	67.141	35.145165	8.47447	311.7827	5.218798	0.13475	5.1155	0.356899	4.012069	27.314165	1.888199	1.174328	0.1674
ERR3586728	0.000497	0.003268	0.039222	0.000687	0.000551	0.015121	0.000803	0.000116	5	71.8895	28.60925	2.5694	336.04075	1.604622	0.0865	0.4235	0.430504	2.822912	22.8182	4.533623	0.485962	0.22775
ERR3586710	0.000443	0.001725	0.022905	0.000499	0.000261	0.515554	0.002235	0.000129	5	67.141	35.145165	8.47447	311.7827	5.218798	0.13475	5.1155	0.356899	4.012069	27.314165	1.888199	1.174328	0.1674
ERR3586685	0.000434	0.003221	0.041284	0.000639	0.000515	0.015043	0.000825	0.000134	5	71.8895	28.60925	2.5694	336.04075	1.604622	0.0865	0.4235	0.430504	2.822912	22.8182	4.533623	0.485962	0.22775
ERR3586729	0.0004	0.00184	0.025274	0.000912	0.000511	0.025739	0.001402	0.000083	5	70.9574	32.08329	1.445315	328.54665	3.615087	0.128	1.24175	0.220883	1.04231	25.673125	2.515363	0.771475	0.1842
ERR3586688	0.000454	0.001909	0.026597	0.000775	0.000477	0.025543	0.001371	0.00008	5	70.9574	32.08329	1.445315	328.54665	3.615087	0.128	1.24175	0.220883	1.04231	25.673125	2.515363	0.771475	0.1842
ERR3586716	0.000457	0.000411	0.004292	0.0002	0.000143	0.043424	0.000423	0.00005	25	67.161	35.15072	6.73489	304.0473	8.063879	0.309	11.784	0.709183	4.95809	27.572895	1.946281	0.764172	0.0482
ERR3586711	0.000396	0.000367	0.004229	0.000181	0.000137	0.043201	0.00037	0.000039	25	67.161	35.15072	6.73489	304.0473	8.063879	0.309	11.784	0.709183	4.95809	27.572895	1.946281	0.764172	0.0482
ERR3586691	0.000391	0.001056	0.016516	0.000821	0.000314	0.014107	0.001789	0.000154	5	61.5427	34.212769	5.295265	293.84675	8.286479	0.31575	5.8035	0.511975	2.252584	27.017281	2.274721	0.613636	0.1275
ERR3586734	0.000339	0.001179	0.016964	0.00084	0.000353	0.014424	0.001938	0.000177	5	61.5427	34.212769	5.295265	293.84675	8.286479	0.31575	5.8035	0.511975	2.252584	27.017281	2.274721	0.613636	0.1275
ERR3586689	0.000309	0.001375	0.015875	0.000423	0.000655	0.029184	0.000488	0.000081	5	64.7127	32.603119	2.496125	323.901563	6.131005					26.011175	2.723684	0.825917	
ERR3586730	0.000263	0.001247	0.01575	0.000446	0.000661	0.029445	0.000451	0.000105	5	64.7127	32.603119	2.496125	323.901563	6.131005					26.011175	2.723684	0.825917	
ERR3587106	0.151879	0.000001	0.000054	0.000209	0.000131	0.000316	0.00012	0.000213	5	31.6948	36.596745	20.481195	213.6889	1.009924	0.093	0.1505	0.0015	0.728	25.85157	1.674064	0.120903	
ERR3587029	0.055837	0.000048	0.000394	0.00053	0.000234	0.000499	0.000225	0.00029	590	39.2392	34.963392	5.004169	232.660562	19.964889					27.649883	2.860482	0	
ERR3587179	0.090507	0.000005	0.000063	0.00024	0.000089	0.00011	0.000056	0.000179	5	33.061	36.57475	20.150733	213.352167	0.676878	0.218	0.4035	0.001	0.797	25.923533	1.712959	0.1004	
ERR3586931	0.083559	0.000033	0.000179	0.002509	0.000098	0.000292	0.000107	0.01222	5	25.5264	36.177285	24.98456	195.54125	0	0.0195	0.049	0.003	1.218	24.236425	1.604851	0.123459	0.018
ERR3586927	0.078145	0.000029	0.000192	0.00289	0.000105	0.000317	0.000139	0.011261	5	25.5264	36.177285	24.98456	195.54125	0	0.0195	0.049	0.003	1.218	24.236425	1.604851	0.123459	0.018
ERR3586930	0.076083	0.000018	0.000228	0.00256	0.00012	0.000348	0.00012	0.011851	5	25.5264	36.177285	24.98456	195.54125	0	0.0195	0.049	0.003	1.218	24.236425	1.604851	0.123459	0.018
ERR3586933	0.075333	0.00003	0.000182	0.002575	0.000147	0.000353	0.000138	0.011988	5	25.5264	36.177285	24.98456	195.54125	0	0.0195	0.049	0.003	1.218	24.236425	1.604851	0.123459	0.018
ERR3586928	0.074911	0.000035	0.000204	0.002597	0.000114	0.000289	0.000134	0.011965	5	25.5264	36.177285	24.98456	195.54125	0	0.0195	0.049	0.003	1.218	24.236425	1.604851	0.123459	0.018
ERR3586932	0.074102	0.000033	0.000201	0.002703	0.000126	0.000358	0.000129	0.012056	5	25.5264	36.177285	24.98456	195.54125	0	0.0195	0.049	0.003	1.218	24.236425	1.604851	0.123459	0.018
ERR3586934	0.074185	0.000022	0.000232	0.002573	0.000142	0.000371	0.00012	0.011477	5	25.5264	36.177285	24.98456	195.54125	0	0.0195	0.049	0.003	1.218	24.236425	1.604851	0.123459	0.018
ERR3586929	0.071639	0.000027	0.000232	0.00275	0.000122	0.000344	0.000113	0.011708	5	25.5264	36.177285	24.98456	195.54125	0	0.0195	0.049	0.003	1.218	24.236425	1.604851	0.123459	0.018
ERR3587108	0.066327	0.000007	0.000041	0.000096	0.000046	0.000196	0.000054	0.000104	5	34.1132	36.41274	18.82554	220.9492	0.808032					26.146925	1.734471	0.156401	
ERR3587117	0.063151	0.000008	0.000056	0.00018	0.000154	0.000096	0.000049	0.000175	5	33.061	36.57475	20.150733	213.352167	0.676878	0.218	0.4035	0.001	0.797	25.923533	1.712959	0.1004	
ERR1328125	0.056654	0.000016	0.000217	0.000298	0.000054	0.000306	0.000207	0.00055	5	36.1715	36.229605	17.303005	232.28725	0.296016	0.019		0.0125	0.6545	26.38564	1.76176	0.111686	
ERR3587181	0.053324	0.000002	0.000056	0.000091	0.00005	0.000174	0.000054	0.000094	5	34.1132	36.41274	18.82554	220.9492	0.808032					26.146925	1.734471	0.156401	
ERR3587154	0.05289	0.00001	0.000092	0.000366	0.000281	0.000486	0.000331	0.000379	5	39.2305	35.12152	13.993715	236.78925	5.013141	0.093	3.7925	0.33275	2.41425	26.282555	2.515102	0.169817	0.10205
ERR3587180	0.04811	0.000048	0.00027	0.000309	0.000028	0.000204	0.000041	0.000048	250	34.1504	36.565812	18.129194	192.246187	3.578039	0.0305	4.1285	0.179	1.6225	26.450856	2.077387	0	
ERR3586923	0.04109	0.000087	0.000219	0.01484	0.000516	0.000416	0.000428	0.145295	5	9.8481	34.80515	27.1673	195.502875	0	0.00205	5.00E-04	0.0132	1.1195	22.518037	1.82175	0.094165	
ERR3586919	0.039088	0.000106	0.000195	0.014623	0.000444	0.000436	0.000443	0.144223	5	9.8481	34.80515	27.1673	195.502875	0	0.00205	5.00E-04	0.0132	1.1195	22.518037	1.82175	0.094165	
ERR3586924	0.038353	0.000091	0.000247	0.014682	0.000437	0.0004	0.000436	0.145087	5	9.8481	34.80515	27.1673	195.502875	0	0.00205	5.00E-04	0.0132	1.1195	22.518037	1.82175	0.094165	
ERR3586925	0.038269	0.000083	0.000204	0.014902	0.000459	0.000435	0.000382	0.145356	5	9.8481	34.80515	27.1673	195.502875	0	0.00205	5.00E-04	0.0132	1.1195	22.518037	1.82175	0.094165	
ERR3586920	0.038119	0.000083	0.000224	0.014476	0.000485	0.000387	0.000412	0.144629	5	9.8481	34.80515	27.1673	195.502875	0	0.00205	5.00E-04	0.0132	1.1195	22.518037	1.82175	0.094165	
ERR3586922	0.037852	0.000095	0.000201	0.01487	0.000497	0.000395	0.000419	0.144132	5	9.8481	34.80515	27.1673	195.502875	0	0.00205	5.00E-04	0.0132	1.1195	22.518037	1.82175	0.094165	
ERR3586926	0.037662	0.000067	0.000205	0.014756	0.000528	0.000414	0.000407	0.140915	5	9.8481	34.80515	27.1673	195.502875	0	0.00205	5.00E-04	0.0132	1.1195	22.518037	1.82175	0.094165	
ERR3586921	0.03615	0.000095	0.000207	0.014601	0.000484	0.000438	0.000444	0.144219	5	9.8481	34.80515	27.1673	195.502875	0	0.00205	5.00E-04	0.0132	1.1195	22.518037	1.82175	0.094165	
ERR3586775	0.022861	0.000126	0.001673	0.000646	0.000465	0.000892	0.00032	0.000802	640	25.6236	35.165212	9.735075	108.231313	31.001404	0		1.2175	8.624	27.13905	2.638681	0	0
ERR3587167	0.033771	0.000001	0.000047	0.000178	0.000118	0.000337	0.00011	0.000155	5	31.6948	36.596745	20.481195	213.6889	1.009924	0.093	0.1505	0.0015	0.728	25.85157	1.674064	0.120903	
ERR3587025	0.022709	0.000094	0.00157	0.00062	0.00053	0.000967	0.000299	0.000922	640	25.6236	35.165212	9.735075	108.231313	31.001404	0		1.2175	8.624	27.13905	2.638681	0	0
ERR3586773	0.022394	0.000124	0.001643	0.000665	0.000486	0.000826	0.00034	0.000833	640	25.6236	35.165212	9.735075	108.231313	31.001404	0		1.2175	8.624	27.13905	2.638681	0	0
ERR3586772	0.022449	0.000098	0.001654	0.000588	0.000496	0.00087	0.000365	0.000816	640	25.6236	35.165212	9.735075	108.231313	31.001404	0		1.2175	8.624	27.13905	2.638681	0	0
ERR3586774	0.022214	0.000103	0.001759	0.000642	0.00043	0.000857	0.000324	0.000788	640	25.6236	35.165212	9.735075	108.231313	31.001404	0		1.2175	8.624	27.13905	2.638681	0	0
ERR3587031	0.025176	0.000074	0.001003	0.002934	0.000066	0.000545	0.00314	0.002667	25	43.7056	35.992515	14.29128	241.1573	3.283695	0.3195	2.2565	0.167	1.255	26.89311	1.948381	0.119381	
ERR3587162	0.025031	0.000099	0.000416	0.000174	0.000046	0.000625	0.000057	0.000111	740	34.0771	35.369805	10.496305	152.7195	20.172519	0.00725	20.924	1.34475		27.170345	2.634028	0.00482	
ERR3586784	0.02464	0.000095	0.000425	0.00079	0.000103	0.000347	0.001266	0.001088	100	44.0342	35.83324	13.410555	244.0327	4.355658	0.23	3.642	0.249	1.626	26.956965	1.971397	0.050697	
ERR3586832	0.021919	0.00007	0.000958	0.00317	0.000055	0.000505	0.002789	0.002343	25	43.7056	35.992515	14.29128	241.1573	3.283695	0.3195	2.2565	0.167	1.255	26.89311	1.948381	0.119381	
ERR3586865	0.015778	0.000021	0.000369	0.001627	0.000165	0.000726	0.00006	0.000777	5	29.6394	36.21913	24.812165	194.6794	0.492301	0.018	0.061	0.0065	1.256	24.32047	1.716812	0.09842	0.0099
ERR3586864	0.015653	0.000029	0.000334	0.001693	0.0002	0.000658	0.000078	0.000856	5	29.6394	36.21913	24.812165	194.6794	0.492301	0.018	0.061	0.0065	1.256	24.32047	1.716812	0.09842	0.0099
ERR3586829	0.021067	0.000085	0.000965	0.002951	0.000063	0.000517	0.00292	0.002375	25	43.7056	35.992515	14.29128	241.1573	3.283695	0.3195	2.2565	0.167	1.255	26.89311	1.948381	0.119381	
ERR3587026	0.015775	0.00002	0.000373	0.001457	0.000159	0.000637	0.000062	0.000817	5	29.6394	36.21913	24.812165	194.6794	0.492301	0.018	0.061	0.0065	1.256	24.32047	1.716812	0.09842	0.0099
ERR3586863	0.015813	0.000023	0.000335	0.001628	0.000241	0.000662	0.000065	0.000788	5	29.6394	36.21913	24.812165	194.6794	0.492301	0.018	0.061	0.0065	1.256	24.32047	1.716812	0.09842	0.0099
ERR3586831	0.020555	0.000081	0.001018	0.003061	0.000057	0.000482	0.002761	0.002198	25	43.7056	35.992515	14.29128	241.1573	3.283695	0.3195	2.2565	0.167	1.255	26.89311	1.948381	0.119381	
ERR3586860	0.015533	0.000017	0.000318	0.001683	0.000239	0.000643	0.00006	0.000923	5	29.6394	36.21913	24.812165	194.6794	0.492301	0.018	0.061	0.0065	1.256	24.32047	1.716812	0.09842	0.0099
ERR3586862	0.015503	0.000023	0.000375	0.001595	0.000214	0.000645	0.000077	0.000848	5	29.6394	36.21913	24.812165	194.6794	0.492301	0.018	0.061	0.0065	1.256	24.32047	1.716812	0.09842	0.0099
ERR3586830	0.020505	0.000061	0.000923	0.003275	0.000078	0.000559	0.002935	0.002231	25	43.7056	35.992515	14.29128	241.1573	3.283695	0.3195	2.2565	0.167	1.255	26.89311	1.948381	0.119381	
ERR3586861	0.015375	0.000027	0.000316	0.001733	0.000213	0.000614	0.000078	0.000915	5	29.6394	36.21913	24.812165	194.6794	0.492301	0.018	0.061	0.0065	1.256	24.32047	1.716812	0.09842	0.0099
ERR3586858	0.015197	0.000039	0.000375	0.001679	0.00021	0.000653	0.000088	0.000882	5	29.6394	36.21913	24.812165	194.6794	0.492301	0.018	0.061	0.0065	1.256	24.32047	1.716812	0.09842	0.0099
ERR3586859	0.01502	0.000027	0.000337	0.001747	0.00018	0.000623	0.000083	0.000854	5	29.6394	36.21913	24.812165	194.6794	0.492301	0.018	0.061	0.0065	1.256	24.32047	1.716812	0.09842	0.0099
ERR3587028	0.014132	0.000006	0.000257	0.002387	0.000519	0.000395	0.000205	0.001111	5	36.3698	36.39483	22.939295	199.80685	1.037244	0.01375		0	1.14325	25.00969	1.830372	0.132109	0.01065
ERR1328122	0.021011	0.000009	0.000217	0.000229	0.000052	0.000288	0.000213	0.000501	5	36.1715	36.229605	17.303005	232.28725	0.296016	0.019		0.0125	0.6545	26.38564	1.76176	0.111686	
ERR3586873	0.013506	0.000007	0.000351	0.002846	0.000596	0.000353	0.000216	0.001071	5	36.3698	36.39483	22.939295	199.80685	1.037244	0.01375		0	1.14325	25.00969	1.830372	0.132109	0.01065
ERR3586870	0.01348	0.000012	0.00036	0.002671	0.000513	0.000412	0.000182	0.001062	5	36.3698	36.39483	22.939295	199.80685	1.037244	0.01375		0	1.14325	25.00969	1.830372	0.132109	0.01065
ERR3586867	0.013138	0.000002	0.000342	0.002657	0.000582	0.000365	0.000212	0.001089	5	36.3698	36.39483	22.939295	199.80685	1.037244	0.01375		0	1.14325	25.00969	1.830372	0.132109	0.01065
ERR3586872	0.013199	0.000016	0.000317	0.002872	0.000587	0.00042	0.00015	0.001015	5	36.3698	36.39483	22.939295	199.80685	1.037244	0.01375		0	1.14325	25.00969	1.830372	0.132109	0.01065
ERR3586868	0.01331	0.000005	0.000346	0.002735	0.000509	0.0004	0.000194	0.001123	5	36.3698	36.39483	22.939295	199.80685	1.037244	0.01375		0	1.14325	25.00969	1.830372	0.132109	0.01065
ERR3586869	0.013301	0.000005	0.000308	0.002789	0.000553	0.000421	0.000164	0.001008	5	36.3698	36.39483	22.939295	199.80685	1.037244	0.01375		0	1.14325	25.00969	1.830372	0.132109	0.01065
ERR3586871	0.013358	0.000005	0.000318	0.002697	0.000516	0.000412	0.000224	0.001133	5	36.3698	36.39483	22.939295	199.80685	1.037244	0.01375		0	1.14325	25.00969	1.830372	0.132109	0.01065
ERR3586866	0.012953	0.000005	0.000332	0.002821	0.000619	0.000385	0.000201	0.001219	5	36.3698	36.39483	22.939295	199.80685	1.037244	0.01375		0	1.14325	25.00969	1.830372	0.132109	0.01065
ERR3586771	0.016864	0.00005	0.000551	0.001615	0.000191	0.000907	0.000101	0.000489	125	25.6168	36.17927	24.961605	193.38225	0	0.0175	0.0615		1.168	24.25287	1.681699	0.114913	0.0189
ERR3586768	0.016819	0.000031	0.000515	0.001547	0.000242	0.000901	0.000122	0.000496	125	25.6168	36.17927	24.961605	193.38225	0	0.0175	0.0615		1.168	24.25287	1.681699	0.114913	0.0189
ERR3587027	0.017178	0.000027	0.000519	0.00237	0.000086	0.000332	0.000097	0.00054	40	29.851	36.22118	24.82846	194.382	0.580043	0.0415	0.0565	0.001	1.23	24.319345	1.698639	0.096165	0.0112
ERR3586769	0.01667	0.000031	0.00054	0.001631	0.000207	0.000909	0.000168	0.000476	125	25.6168	36.17927	24.961605	193.38225	0	0.0175	0.0615		1.168	24.25287	1.681699	0.114913	0.0189
ERR3586776	0.017349	0.000019	0.000445	0.002219	0.000071	0.000297	0.000133	0.000622	40	29.851	36.22118	24.82846	194.382	0.580043	0.0415	0.0565	0.001	1.23	24.319345	1.698639	0.096165	0.0112
ERR3586778	0.017412	0.000015	0.000501	0.002112	0.000052	0.000373	0.000142	0.000599	40	29.851	36.22118	24.82846	194.382	0.580043	0.0415	0.0565	0.001	1.23	24.319345	1.698639	0.096165	0.0112
ERR3586779	0.017668	0.000025	0.000567	0.002217	0.000069	0.000337	0.000139	0.000467	40	29.851	36.22118	24.82846	194.382	0.580043	0.0415	0.0565	0.001	1.23	24.319345	1.698639	0.096165	0.0112
ERR3586777	0.017281	0.000029	0.000481	0.0022	0.000044	0.000313	0.000113	0.000564	40	29.851	36.22118	24.82846	194.382	0.580043	0.0415	0.0565	0.001	1.23	24.319345	1.698639	0.096165	0.0112
ERR3587024	0.016143	0.000033	0.000544	0.001681	0.000202	0.000933	0.000115	0.000556	125	25.6168	36.17927	24.961605	193.38225	0	0.0175	0.0615		1.168	24.25287	1.681699	0.114913	0.0189
ERR3587111	0.012944	0.000021	0.000117	0.000431	0.000346	0.0005	0.000188	0.000359	5	39.2305	35.12152	13.993715	236.78925	5.013141	0.093	3.7925	0.33275	2.41425	26.282555	2.515102	0.169817	0.10205
ERR3587022	0.004437	0.000092	0.000249	0.012798	0.000508	0.000442	0.000384	0.135978	5	9.8481	34.80515	27.1673	195.502875	0	0.00205	5.00E-04	0.0132	1.1195	22.518037	1.82175	0.094165	
ERR3586770	0.004092	0.00002	0.000576	0.001603	0.000228	0.000912	0.000107	0.00043	125	25.6168	36.17927	24.961605	193.38225	0	0.0175	0.0615		1.168	24.25287	1.681699	0.114913	0.0189
ERR3587182	0.003505	0.000022	0.000451	0.000187	0.000096	0.000222	0.000139	0.000208	5	35.9346	36.285292	17.627142	229.368083	0.120853	0.0355	0.1695	0.0055	0.8358	26.349408	1.79022	0.191003	
ERR3587110	0.003388	0.000036	0.000416	0.000198	0.000085	0.00021	0.000147	0.000213	5	35.9346	36.285292	17.627142	229.368083	0.120853	0.0355	0.1695	0.0055	0.8358	26.349408	1.79022	0.191003	
ERR3587105	0.001855	0.000059	0.000492	0.001648	0.000112	0.000456	0.002102	0.001607	5	43.6792	35.99167	14.31675	242.8405	3.209219	0.3105	2.159	0.1595	1.236	26.88634	1.931107	0.191493	
ERR3586984	0.001721	0.000057	0.000504	0.001656	0.00012	0.00041	0.002104	0.001737	5	43.6792	35.99167	14.31675	242.8405	3.209219	0.3105	2.159	0.1595	1.236	26.88634	1.931107	0.191493	
ERR3587023	0.001665	0.000036	0.000283	0.0024	0.000123	0.000317	0.000156	0.011424	5	25.5264	36.177285	24.98456	195.54125	0	0.0195	0.049	0.003	1.218	24.236425	1.604851	0.123459	0.018
ERR3586781	0.001565	0.000019	0.000236	0.000795	0.000092	0.000419	0.000129	0.000485	80	36.1811	36.182395	16.74703	228.11655	1.005795	0.0415	0.142	0.022	0.6335	26.48531	1.900875	0.16463	
ERR3586780	0.001617	0.000028	0.000245	0.000817	0.000088	0.000399	0.000123	0.00047	80	36.1811	36.182395	16.74703	228.11655	1.005795	0.0415	0.142	0.022	0.6335	26.48531	1.900875	0.16463	
ERR3586783	0.001532	0.000029	0.000236	0.000863	0.000091	0.000432	0.000177	0.000515	80	36.1811	36.182395	16.74703	228.11655	1.005795	0.0415	0.142	0.022	0.6335	26.48531	1.900875	0.16463	
ERR3586782	0.001413	0.000022	0.000209	0.000806	0.000102	0.000385	0.000158	0.000507	80	36.1811	36.182395	16.74703	228.11655	1.005795	0.0415	0.142	0.022	0.6335	26.48531	1.900875	0.16463	
ERR3586731	0.000762	0.000847	0.002924	0.001182	0.000301	0.046075	0.028689	0.002597	5	54.5305	35.32522	11.09547	271.064125	4.467439	0.237125	8.035625	0.401861	0.967928	27.01156	1.773811	0.772148	0.1019
ERR3587030	0.001438	0.000037	0.000233	0.000797	0.000095	0.00039	0.000105	0.000521	80	36.1811	36.182395	16.74703	228.11655	1.005795	0.0415	0.142	0.022	0.6335	26.48531	1.900875	0.16463	
ERR3586708	0.000742	0.000773	0.0026	0.001083	0.000245	0.044777	0.028291	0.00238	5	54.5305	35.32522	11.09547	271.064125	4.467439	0.237125	8.035625	0.401861	0.967928	27.01156	1.773811	0.772148	0.1019
ERR3586732	0.000461	0.000361	0.001296	0.000776	0.000224	0.061858	0.014463	0.00163	40	54.5451	35.335155	10.79018	266.473125	7.129639	0.071	10.158	0.566253	3.554362	27.07531	1.814179	0.789471	0.0298
ERR3586709	0.000499	0.000388	0.001238	0.000802	0.000206	0.060003	0.013852	0.001503	40	54.5451	35.335155	10.79018	266.473125	7.129639	0.071	10.158	0.566253	3.554362	27.07531	1.814179	0.789471	0.0298
ERR3586983	0.000469	0.000034	0.000592	0.00076	0.000072	0.000401	0.000164	0.000754	40	35.8427	36.285033	17.585567	229.097917	0.61356	0.04	0.1745	0	0.8423	26.360683	1.79022	0.21402	
ERR3587104	0.000449	0.000041	0.000666	0.000737	0.00009	0.00046	0.000168	0.000686	40	35.8427	36.285033	17.585567	229.097917	0.61356	0.04	0.1745	0	0.8423	26.360683	1.79022	0.21402	
ERR3587050	0.06269	0.000037	0.000377	0.000141	0.00005	0.000466	0.000102	0.000176	800	-20.9315	34.369569	4.664275	191.413187	33.940795					27.220344	2.821232	0	0
ERR3587047	0.031609	0.000037	0.000679	0.003768	0.00004	0.001908	0.00022	0.000464	5	-8.7789	36.41678	25.064425	199.135	0.416799	0.003	0.018	0.104	0.868	24.393095	1.77348	0.104143	0.0018
ERR3587049	0.028048	0.00001	0.000774	0.00065	0.000029	0.000607	0.000387	0.000464	150	-21.0292	36.61951	21.16596	200.32465	0.218613	0.047654	0	0.051522	0.712116	25.68731	1.931379	0.103558	0.00245
ERR3586947	0.01861	0.000024	0.000411	0.000126	0.000054	0.000446	0.000099	0.000218	800	-20.9315	34.369569	4.664275	191.413187	33.940795					27.220344	2.821232	0	0
ERR3587045	0.009751	0.000168	0.010788	0.008839	0.000353	0.001076	0.000247	0.00055	800	-20.4075	34.446963	4.188237	161.92525	36.675625	0.01	36.73	2.522	44.86	27.333325	3.251941	0	
ERR3586942	0.008963	0.000197	0.010318	0.009524	0.000322	0.001132	0.000217	0.000549	800	-20.4075	34.446963	4.188237	161.92525	36.675625	0.01	36.73	2.522	44.86	27.333325	3.251941	0	
ERR3587137	0.012201	0.002326	0.022544	0.003091	0.00038	0.88716	0.001909	0.000289	40	-47.2007	34.05055	7.154875	306.1555	18.047311	0.1185	18.525	1.356	2.661	26.649733	2.133364	0.507313	
ERR3587195	0.01228	0.002613	0.022476	0.004234	0.000481	0.884616	0.001975	0.000378	5	-47.1863	34.05025	7.579417	303.147667	18.434187	0.146	18.005	1.302	1.945	26.589567	2.128396	0.426587	
ERR3587196	0.009051	0.002216	0.021811	0.002813	0.0004	0.893611	0.001735	0.000283	40	-47.2007	34.05055	7.154875	306.1555	18.047311	0.1185	18.525	1.356	2.661	26.649733	2.133364	0.507313	
ERR3586944	0.004117	0.000033	0.000727	0.004163	0.000061	0.001936	0.000238	0.000467	5	-8.7789	36.41678	25.064425	199.135	0.416799	0.003	0.018	0.104	0.868	24.393095	1.77348	0.104143	0.0018
ERR3586946	0.004216	0.000023	0.000799	0.000745	0.000034	0.000554	0.000344	0.000484	150	-21.0292	36.61951	21.16596	200.32465	0.218613	0.047654	0	0.051522	0.712116	25.68731	1.931379	0.103558	0.00245
ERR3587046	0.003373	0.000035	0.001255	0.001865	0.000075	0.000537	0.000287	0.000528	5	-9.3	36.37005	23.8044	201.167125	0	0.009	0.035	0.127	1.473	24.737612	1.876613	0.141003	0.0058
ERR3586943	0.003264	0.000029	0.001375	0.002035	0.000085	0.000511	0.000293	0.000493	5	-9.3	36.37005	23.8044	201.167125	0	0.009	0.035	0.127	1.473	24.737612	1.876613	0.141003	0.0058
ERR3586941	0.002975	0.000016	0.000567	0.001536	0.000041	0.000724	0.000441	0.00144	5	-20.4091	36.35839	19.77001	215.2007	1.763081	0.0465	0.8015	0.309	1.1485	25.859525	2.071928	0.117466	0.0103
ERR3587044	0.003051	0.000022	0.000557	0.001408	0.000018	0.000711	0.000416	0.001294	5	-20.4091	36.35839	19.77001	215.2007	1.763081	0.0465	0.8015	0.309	1.1485	25.859525	2.071928	0.117466	0.0103
ERR3586949	0.001128	0.035444	0.275051	0.061149	0.001175	3.443845	0.037476	0.000816	5	-54.3739	33.254213	7.12605	294.22875	13.592516	0.198	10.86	1.176	0.936	26.02655	2.970999	0.308897	
ERR3587053	0.001078	0.035484	0.271524	0.060277	0.001237	3.418883	0.037073	0.000873	5	-54.3739	33.254213	7.12605	294.22875	13.592516	0.198	10.86	1.176	0.936	26.02655	2.970999	0.308897	
ERR3586998	0.001039	0.033477	0.25668	0.056987	0.001116	3.454339	0.035469	0.000713	5	-54.3739	33.254213	7.12605	294.22875	13.592516	0.198	10.86	1.176	0.936	26.02655	2.970999	0.308897	
ERR1001626	0.001463	0.000042	0.000172	0.000549	0.000016	0.001045	0.000942	0.000326	5	-20.9354	37.076575	23.374825	206.23185	0.185971	0.001404	0	0.055883	0.814172	25.40018	1.636802	0.055113	0.0019
ERR3587134	0.001351	0.000083	0.000228	0.000583	0.000036	0.000427	0.00098	0.000342	5	-20.9354	37.076575	23.374825	206.23185	0.185971	0.001404	0	0.055883	0.814172	25.40018	1.636802	0.055113	0.0019
ERR3587136	0.001338	0.002671	0.023606	0.004451	0.000464	0.860621	0.002085	0.000429	5	-47.1863	34.05025	7.579417	303.147667	18.434187	0.146	18.005	1.302	1.945	26.589567	2.128396	0.426587	
ERR3586945	0.001254	0.000055	0.001491	0.000861	0.000045	0.000784	0.000149	0.000462	100	-8.7296	36.588225	23.630095	190.5966	1.049606	0.011	0.044	0.143	1.284	24.96531	2.171779	0.242586	0.0086
ERR3587095	0.001102	0.000043	0.000882	0.000645	0.000103	0.000576	0.000549	0.000817	5	-31.0266	35.686585	16.8632	234.4763	1.103865	0.201	0.939	0.1455	1.9865	26.07437	1.951133	0.309005	0.01515
ERR3586973	0.001079	0.000054	0.000609	0.000655	0.00009	0.00048	0.000241	0.000787	5	-31.0266	35.686585	16.8632	234.4763	1.103865	0.201	0.939	0.1455	1.9865	26.07437	1.951133	0.309005	0.01515
ERR3587048	0.001212	0.000053	0.001326	0.000753	0.000037	0.000698	0.000181	0.0004	100	-8.7296	36.588225	23.630095	190.5966	1.049606	0.011	0.044	0.143	1.284	24.96531	2.171779	0.242586	0.0086
ERR3586996	0.000859	0.014668	0.11936	0.016212	0.000332	0.595395	0.613198	0.001257	5	-32.2401	34.870735	13.04322	252.63145	1.264607					26.28407	4.093218	0.765222	2.1997
ERR3587043	0.00068	0.015244	0.126051	0.016797	0.000412	0.577259	0.62468	0.001349	5	-32.2401	34.870735	13.04322	252.63145	1.264607					26.28407	4.093218	0.765222	2.1997
ERR3586940	0.000751	0.015286	0.126668	0.016857	0.000376	0.592137	0.617562	0.001111	5	-32.2401	34.870735	13.04322	252.63145	1.264607					26.28407	4.093218	0.765222	2.1997
ERR1001627	0.000977	0.000026	0.000202	0.00061	0.000062	0.000465	0.000356	0.000432	5	-30.1367	36.32553	20.07775	221.13845	0.025333	0	0.026	0	0.749	25.754115	1.674628	0.066207	0.0054
ERR3587135	0.000821	0.000013	0.000123	0.000648	0.000071	0.000501	0.000416	0.000478	5	-30.1367	36.32553	20.07775	221.13845	0.025333	0	0.026	0	0.749	25.754115	1.674628	0.066207	0.0054
ERR3586997	0.000461	0.003232	0.028635	0.001474	0.000274	0.262976	0.137988	0.002362	35	-44.5913	34.80505	13.506225	256.63475	2.810686	0.132	3.359	0.412	1.296	26.14055	2.487277	0.291964	
ERR3587052	0.00041	0.003385	0.030869	0.001598	0.000274	0.259307	0.144979	0.00239	35	-44.5913	34.80505	13.506225	256.63475	2.810686	0.132	3.359	0.412	1.296	26.14055	2.487277	0.291964	
ERR3586974	0.000476	0.000046	0.001143	0.000472	0.000052	0.000487	0.000116	0.000377	50	-31.027	35.68407	16.74878	231.9774	0.904785	0.285	1.08	0.227	2.436	26.101325	2.011787	0.325714	0.0183
ERR3587098	0.000472	0.000909	0.005075	0.003955	0.000177	0.027178	0.382154	0.001064	5	-40.6511	35.622685	19.93457	222.4663	0	0	0.048	0	1.039	25.25528	2.129288	0.13213	0.0309
ERR3587096	0.000485	0.000053	0.001917	0.000478	0.000053	0.000489	0.000124	0.00038	50	-31.027	35.68407	16.74878	231.9774	0.904785	0.285	1.08	0.227	2.436	26.101325	2.011787	0.325714	0.0183
ERR3586976	0.000431	0.000775	0.004762	0.004183	0.0002	0.026442	0.371727	0.001071	5	-40.6511	35.622685	19.93457	222.4663	0	0	0.048	0	1.039	25.25528	2.129288	0.13213	0.0309
ERR3586789	0.000417	0.0029	0.025578	0.001343	0.00019	0.257463	0.133737	0.00194	35	-44.5913	34.80505	13.506225	256.63475	2.810686	0.132	3.359	0.412	1.296	26.14055	2.487277	0.291964	
ERR3587051	0.000482	0.002949	0.023798	0.001763	0.000206	0.188708	0.119582	0.001864	5	-44.5342	34.793925	13.6805	255.26575	2.439627	0.115	3.081	0.429	1.173	26.0944	2.472372	0.233632	
ERR3586948	0.000401	0.002904	0.024912	0.001793	0.000211	0.188408	0.122301	0.00197	5	-44.5342	34.793925	13.6805	255.26575	2.439627	0.115	3.081	0.429	1.173	26.0944	2.472372	0.233632	
ERR3586790	0.00043	0.002926	0.024659	0.001453	0.00015	0.252669	0.132217	0.001656	35	-44.5913	34.80505	13.506225	256.63475	2.810686	0.132	3.359	0.412	1.296	26.14055	2.487277	0.291964	
ERR3586792	0.00039	0.002595	0.024758	0.001569	0.00015	0.251547	0.13167	0.001841	35	-44.5913	34.80505	13.506225	256.63475	2.810686	0.132	3.359	0.412	1.296	26.14055	2.487277	0.291964	
ERR3586791	0.000341	0.002406	0.02432	0.001181	0.000239	0.252798	0.12981	0.001842	35	-44.5913	34.80505	13.506225	256.63475	2.810686	0.132	3.359	0.412	1.296	26.14055	2.487277	0.291964	
ERR3586975	0.000419	0.000008	0.000072	0.000775	0.000032	0.000297	0.000076	0.000386	120	-30.1484	36.27746	19.32335	216.6547	0.085111	0.053	0.104	0	0.319	25.920365	1.943116	0.16855	0.0064
ERR3587097	0.000422	0.000006	0.000104	0.000688	0.000038	0.000339	0.000069	0.000343	120	-30.1484	36.27746	19.32335	216.6547	0.085111	0.053	0.104	0	0.319	25.920365	1.943116	0.16855	0.0064
ERR3586994	0.074087	0.000233	0.00038	0.011778	0.000321	0.000921	0.00039	0.695208	5	-16.8084	34.4863	28.2729	192.5495	0	0.006	0.062	0.096	2.436	21.9195	0.9475		0.0072
ERR3587038	0.071503	0.000298	0.000429	0.012865	0.000324	0.001145	0.000421	0.72714	5	-16.8084	34.4863	28.2729	192.5495	0	0.006	0.062	0.096	2.436	21.9195	0.9475		0.0072
ERR1328123	0.118073	0.000011	0.000069	0.001289	0.000044	0.00029	0.000109	0.000475	25	18.5839	36.40162	26.692435	187.47615	0	0.011	0.0675	0.2465	1.2415	23.87718	1.43775	0.196803	0.00545
ERR3587163	0.112415	0.000009	0.00129	0.000158	0.000031	0.000165	0.000125	0.000506	600	20.8457	35.672725	11.984006	2.81625	31.290804					27.130513	2.6925	0.008026	0
ERR3587145	0.110286	0.000021	0.001276	0.000187	0.000038	0.000187	0.000127	0.00051	600	20.8457	35.672725	11.984006	2.81625	31.290804					27.130513	2.6925	0.008026	0
ERR3586785	0.064414	0.000181	0.000366	0.010211	0.000257	0.000778	0.000368	0.600373	5	-16.8084	34.4863	28.2729	192.5495	0	0.006	0.062	0.096	2.436	21.9195	0.9475		0.0072
ERR3586788	0.062772	0.000202	0.000296	0.010839	0.000306	0.000755	0.000293	0.589415	5	-16.8084	34.4863	28.2729	192.5495	0	0.006	0.062	0.096	2.436	21.9195	0.9475		0.0072
ERR3586787	0.062608	0.00018	0.000354	0.010541	0.000205	0.000702	0.000252	0.588424	5	-16.8084	34.4863	28.2729	192.5495	0	0.006	0.062	0.096	2.436	21.9195	0.9475		0.0072
ERR3586786	0.062059	0.00018	0.000298	0.010538	0.000276	0.000654	0.000341	0.586112	5	-16.8084	34.4863	28.2729	192.5495	0	0.006	0.062	0.096	2.436	21.9195	0.9475		0.0072
ERR1328124	0.08161	0.000013	0.000061	0.00094	0.000044	0.000306	0.000148	0.000442	25	18.5839	36.40162	26.692435	187.47615	0	0.011	0.0675	0.2465	1.2415	23.87718	1.43775	0.196803	0.00545
ERR3587157	0.035504	0	0.000485	0.000607	0.000123	0.000941	0.000288	0.003646	5	-16.957	34.54545	27.956483	191.628083	0.532471	0	0	0.119	2.666	22.067625	0.977083	0.134305	0.0022
ERR3587132	0.035017	0.000015	0.000628	0.000914	0.00007	0.000897	0.00036	0.003617	5	-16.957	34.54545	27.956483	191.628083	0.532471	0	0	0.119	2.666	22.067625	0.977083	0.134305	0.0022
ERR3587194	0.036983	0.00003	0.001518	0.000237	0.000088	0.001207	0.000107	0.000121	270	18.7341	35.907681	15.553795	3.12405	18.560166	2.074	21.22	2.64	38.62	26.565675	2.75675	0.007712	0
ERR3587093	0.029308	0.000311	0.000237	0.004384	0.000139	0.000568	0.000239	0.517435	5	4.6599	34.493275	29.938975	190.26525	0	0.004	0.0265	0.0705	1.8285	21.37115	1.0525	0.186844	0.01135
ERR3587146	0.035056	0.000013	0.000645	0.00031	0.000038	0.000559	0.000021	0.000195	340	19.0351	36.014205	14.901445	2.9502	22.18992	0.691	23.43	2.639	38.94	26.787485	2.791	0.002565	0
ERR3586970	0.028344	0.000281	0.000213	0.004461	0.00013	0.000533	0.000237	0.50338	5	4.6599	34.493275	29.938975	190.26525	0	0.004	0.0265	0.0705	1.8285	21.37115	1.0525	0.186844	0.01135
ERR3587131	0.032601	0.000012	0.00038	0.002496	0.000036	0.000294	0.0001	0.000366	5	-2.0465	34.91195	30.15995	187.3595	0	0.001	0.018	0.093	2.284	21.60515	0.855	0.110314	7.00E-04
ERR3587150	0.029413	0.000011	0.000141	0.000389	0.000056	0.000314	0.000104	0.000282	60	14.5536	36.503531	27.374181	164.440063	0	0.2375	7.847	0.846	3.5765	23.734719	1.377813	0.166581	0.01485
ERR3587155	0.023641	0.000013	0.000728	0.000283	0.00004	0.000539	0.000036	0.000228	340	19.0351	36.014205	14.901445	2.9502	22.18992	0.691	23.43	2.639	38.94	26.787485	2.791	0.002565	0
ERR3587133	0.019593	0.000047	0.000535	0.000994	0.000061	0.001603	0.000219	0.000441	75	-16.9534	34.896833	25.212642	194.81775	0.532471	0.032	0.4675	0.159	2.824	23.203642	1.180417	0.228414	0.0091
ERR3586971	0.02336	0.000007	0.00028	0.004058	0.000031	0.000396	0.00012	0.00088	5	2.815	35.04006	30.520165	187.75135	0	0.0045	0.044	0.1225	2.2655	21.576255	0.97225	0.042015	0
ERR3587158	0.016688	0.000048	0.000342	0.001023	0.000066	0.001566	0.000196	0.000487	75	-16.9534	34.896833	25.212642	194.81775	0.532471	0.032	0.4675	0.159	2.824	23.203642	1.180417	0.228414	0.0091
ERR3587156	0.02042	0.00001	0.000191	0.000381	0.00007	0.000319	0.000126	0.000276	60	14.5536	36.503531	27.374181	164.440063	0	0.2375	7.847	0.846	3.5765	23.734719	1.377813	0.166581	0.01485
ERR3587041	0.019126	0.000009	0.000342	0.006227	0.000051	0.000598	0.000273	0.003451	5	-13.0833	34.9076	28.9154	193.59375	0.532471					22.0233	1.03875	0.044092	
ERR3587165	0.01767	0.000018	0.000298	0.00214	0.000034	0.000389	0.000081	0.000396	5	-2.0465	34.91195	30.15995	187.3595	0	0.001	0.018	0.093	2.284	21.60515	0.855	0.110314	7.00E-04
ERR3587042	0.009554	0.000009	0.000275	0.006171	0.000342	0.000759	0.000313	0.067412	5	-12.807	34.96295	29.305763	189.6795		0.011375	0	0		21.934312	1.0225	0.104507	0.0178
ERR3586939	0.008776	0.000011	0.000299	0.006768	0.000363	0.000821	0.000327	0.072224	5	-12.807	34.96295	29.305763	189.6795		0.011375	0	0		21.934312	1.0225	0.104507	0.0178
ERR3586969	0.013289	0.00001	0.000633	0.000681	0.000027	0.000308	0.000025	0.000323	80	5.9998	35.044342	27.9561	137.998083	0	0.152	0.741	0.2505	2.7335	22.474092	1.42	0.228999	0.0036
ERR3587092	0.011117	0.000015	0.000987	0.000585	0.000026	0.000338	0.000027	0.000361	80	5.9998	35.044342	27.9561	137.998083	0	0.152	0.741	0.2505	2.7335	22.474092	1.42	0.228999	0.0036
ERR3587148	0.009232	0.000015	0.001144	0.000261	0.000075	0.000819	0.000116	0.000116	270	18.7341	35.907681	15.553795	3.12405	18.560166	2.074	21.22	2.64	38.62	26.565675	2.75675	0.007712	0
ERR3587039	0.003914	0.000007	0.000317	0.004002	0.000079	0.001004	0.000158	0.000434	5	-21.4966	34.949725	27.5493	194.3573	0.583605	0.002	0.026	0.076	2.256	22.503855	0.938625	0.052666	0.0013
ERR3586995	0.00388	0.000015	0.000267	0.003461	0.000061	0.000978	0.000129	0.000334	5	-21.4966	34.949725	27.5493	194.3573	0.583605	0.002	0.026	0.076	2.256	22.503855	0.938625	0.052666	0.0013
ERR3586992	0.003594	0.000045	0.001098	0.00212	0.000039	0.001491	0.000143	0.000091	75	17.4847	35.92706	23.625385	59.30785	13.831074	0.04	15.79	1.5	9.546	24.4576	1.91575	0.060917	9.00E-04
ERR3587035	0.003254	0.000019	0.001094	0.002284	0.000046	0.001244	0.000109	0.000129	75	17.4847	35.92706	23.625385	59.30785	13.831074	0.04	15.79	1.5	9.546	24.4576	1.91575	0.060917	9.00E-04
ERR3586935	0.003315	0.000028	0.000915	0.002241	0.000052	0.000679	0.000117	0.000121	75	17.4847	35.92706	23.625385	59.30785	13.831074	0.04	15.79	1.5	9.546	24.4576	1.91575	0.060917	9.00E-04
ERR3586937	0.003596	0.000007	0.000247	0.003939	0.000067	0.000715	0.000143	0.000387	5	-21.4966	34.949725	27.5493	194.3573	0.583605	0.002	0.026	0.076	2.256	22.503855	0.938625	0.052666	0.0013
ERR3587168	0.002537	0.000005	0.000251	0.001727	0.000093	0.000289	0.000227	0.000624	5	18.5918	36.310588	27.089113	193.065313	0	0.0065	0.0425	0.2335	1.515	23.677262	1.188594	0.115273	0.0035
ERR3586972	0.00338	0.000018	0.000304	0.003444	0.000053	0.000847	0.000167	0.000285	5	-21.5043	34.939958	27.488383	194.433917	0.532471	0	0.138	0.07325	1.8665	22.516108	0.875	0.077188	0.0011
ERR3586938	0.00297	0.00001	0.000316	0.006745	0.00007	0.000524	0.00023	0.003661	5	-13.0833	34.9076	28.9154	193.59375	0.532471					22.0233	1.03875	0.044092	
ERR3587147	0.002353	0.000005	0.000288	0.002223	0.000061	0.000252	0.000253	0.000686	5	18.5918	36.310588	27.089113	193.065313	0	0.0065	0.0425	0.2335	1.515	23.677262	1.188594	0.115273	0.0035
ERR3587040	0.003323	0.000015	0.000287	0.00303	0.000084	0.000939	0.000205	0.000256	5	-21.5043	34.939958	27.488383	194.433917	0.532471	0	0.138	0.07325	1.8665	22.516108	0.875	0.077188	0.0011
ERR3587094	0.002513	0.000003	0.000292	0.003907	0.00003	0.000409	0.000136	0.00087	5	2.815	35.04006	30.520165	187.75135	0	0.0045	0.044	0.1225	2.2655	21.576255	0.97225	0.042015	0
ERR3587091	0.001947	0.000003	0.000288	0.001547	0.000065	0.000624	0.000169	0.000196	5	6.0001	34.56775	30.12785	188.79575	0	0.001	0.022	0.0765	2.171	21.358942	0.966875	0.080016	0.00085
ERR3586936	0.001256	0.000093	0.000167	0.004557	0.000487	0.000525	0.000178	0.303975	5	-0.6625	35.1113	30.12475	185.755	0.436989	0.0045	0.047	0.102	1.947	21.76745	0.93875	0.148923	0.00815
ERR3587037	0.001171	0.000116	0.000148	0.004525	0.000594	0.000555	0.000207	0.301995	5	-0.6625	35.1113	30.12475	185.755	0.436989	0.0045	0.047	0.102	1.947	21.76745	0.93875	0.148923	0.00815
ERR3586993	0.001318	0.000094	0.000194	0.004248	0.000462	0.000559	0.000251	0.290849	5	-0.6625	35.1113	30.12475	185.755	0.436989	0.0045	0.047	0.102	1.947	21.76745	0.93875	0.148923	0.00815
ERR3587149	0.001517	0.000005	0.000308	0.001279	0.000041	0.000484	0.000135	0.000231	5	14.6059	36.0499	29.151544	187.306625	0	0.007	0.057	0.1565	1.3865	22.799819	0.965625	0.092377	0.001
ERR3587169	0.001482	0.000006	0.000282	0.00107	0.000066	0.000524	0.000125	0.000219	5	14.6059	36.0499	29.151544	187.306625	0	0.007	0.057	0.1565	1.3865	22.799819	0.965625	0.092377	0.001
ERR3587090	0.002229	0.000012	0.000451	0.000265	0.000145	0.000509	0.000134	0.000194	285	17.4855	35.90477	15.070405	2.94605	19.610971	1.334	23	2.666	40.6	26.665425	2.685375	0.012842	0
ERR3586968	0.001697	0.000003	0.000276	0.001611	0.000058	0.000649	0.000141	0.000243	5	6.0001	34.56775	30.12785	188.79575	0	0.001	0.022	0.0765	2.171	21.358942	0.966875	0.080016	0.00085
ERR3586967	0.002104	0.000019	0.000372	0.000292	0.000133	0.000438	0.000155	0.000151	285	17.4855	35.90477	15.070405	2.94605	19.610971	1.334	23	2.666	40.6	26.665425	2.685375	0.012842	0
ERR3587087	0.000934	0.000034	0.001651	0.001128	0.000032	0.000757	0.000416	0.001006	5	17.5294	36.22668	27.584135	192.986	0	0.007	0.026	0.27	1.792	23.453275	1.15425	0.131603	0.0011
ERR3586963	0.000832	0.000026	0.001248	0.001149	0.000033	0.00063	0.000204	0.001013	5	17.5294	36.22668	27.584135	192.986	0	0.007	0.026	0.27	1.792	23.453275	1.15425	0.131603	0.0011
ERR3586990	0.175206	0.000073	0.000234	0.000189	0.000073	0.000324	0.028444	0.000357	50	39.3991	38.489083	15.181967	229.908917		0.1055	0.3595		1.354	28.626442	1.845	0.134028	
ERR3586987	0.070234	0.000014	0.000043	0.000007	0.000023	0.000046	0.05288	0.002083	5	35.759	37.89575	21.48665	208.245		0.01833	0.118	0.0256	0.5571	26.565263	1.091875	0.013344	0.0103
ERR1336912	0.035477	0.002009	0.005175	0.00028	0.000654	0.001228	0.71513	0.091704	9	41.6686												
ERR3587081	0.025259	0.000064	0.000664	0.001219	0.000308	0.00094	0.051499	0.001253	5	34.2116	38.414625	21.8213	233.87875						26.866075		0.055739	
ERR3586988	0.024807	0.00006	0.00065	0.000683	0.000342	0.000803	0.045423	0.001124	5	34.2116	38.414625	21.8213	233.87875						26.866075		0.055739	
ERR3587083	0.020262	0.000067	0.000275	0.000283	0.000075	0.000303	0.031168	0.000384	50	39.3991	38.489083	15.181967	229.908917		0.1055	0.3595		1.354	28.626442	1.845	0.134028	
ERR3586989	0.020405	0.000279	0.000803	0.00043	0.000183	0.000478	0.170925	0.050254	30	39.5705	37.963867	16.974267	221.551583		0.025075	0.029	0.010725	1.59855	27.797967	1.646667	0.168962	0.0587
ERR3587080	0.013631	0.000025	0.000019	0.000025	0.000013	0.000063	0.052448	0.002322	5	35.759	37.89575	21.48665	208.245		0.01833	0.118	0.0256	0.5571	26.565263	1.091875	0.013344	0.0103
ERR3587078	0.003834	0.000385	0.00152	0.000164	0.000547	0.001664	0.304803	0.003727	5	40.0154	37.851	20.0737	246.40525		0	0.0725	0.0638	1.0288	26.918825		0.210317	
ERR3586985	0.003599	0.00032	0.001262	0.000122	0.000448	0.001652	0.282862	0.003432	5	40.0154	37.851	20.0737	246.40525		0	0.0725	0.0638	1.0288	26.918825		0.210317	
ERR3587079	0.001726	0.00017	0.001491	0.000207	0.000323	0.000516	0.337257	0.010188	5	37.4956	38.144833	20.858567	208.725167		0.016565	0.037	0.02835	0.6661	26.929367	1.183333	0.11467	0.00305
ERR3586986	0.001601	0.000168	0.001155	0.000198	0.000278	0.000508	0.298499	0.009192	5	37.4956	38.144833	20.858567	208.725167		0.016565	0.037	0.02835	0.6661	26.929367	1.183333	0.11467	0.00305
ERR3587082	0.000976	0.0003	0.001041	0.000639	0.000237	0.000491	0.183104	0.053059	30	39.5705	37.963867	16.974267	221.551583		0.025075	0.029	0.010725	1.59855	27.797967	1.646667	0.168962	0.0587
ERR3587121	0.274541	0.000003	0.000169	0.001173	0.00007	0.000705	0.000203	0.001656	5	1.9928	33.472445	27.497475	199.6911	1.673601	0.0455	0.8935	0.2865	1.7085	21.408655	1.900753	0.272009	0.004
ERR3587170	0.18446	0.000018	0.00017	0.000827	0.000083	0.000791	0.000232	0.001325	5	1.9928	33.472445	27.497475	199.6911	1.673601	0.0455	0.8935	0.2865	1.7085	21.408655	1.900753	0.272009	0.004
ERR3587176	0.155281	0.000056	0.000572	0.000114	0.000047	0.001679	0.000047	0.000216	375	14.2025	34.5882	8.887131	0.832313	35.049476	0.0093	34.551	2.9545	46.6245	26.820475	3.389521	0	0
ERR3587113	0.115666	0.000064	0.000667	0.000131	0.00006	0.001717	0.000058	0.00021	375	14.2025	34.5882	8.887131	0.832313	35.049476	0.0093	34.551	2.9545	46.6245	26.820475	3.389521	0	0
ERR3587130	0.093618	0.000074	0.000879	0.000072	0.000025	0.000343	0.000076	0.000193	40	14.2075	34.366025	20.58574	123.201	7.312792	0.3055	6.0475	0.884	4.661	24.14088	2.394612	0.366719	0.0228
ERR3587115	0.088665	0.000032	0.000605	0.000381	0.000045	0.001213	0.000091	0.000124	450	6.3559	34.608919	8.149894	1.013313	36.753654	0.0078	36.219	3.155	52.9225	26.951444	3.439414	0	0.0018
ERR3587116	0.088404	0.000037	0.000645	0.000725	0.000047	0.000776	0.000267	0.000368	5	6.3332	33.52041	26.605515	196.2029	0.803918	0.003	0.002	0.1575	1.1855	21.72899	1.444322	0.125361	0.0032
ERR3586797	0.078703	0.000021	0.000412	0.000446	0.000025	0.000353	0.000526	0.000294	115	31.5168	34.39568	15.321075	222.94125	0	0.017	0.047	0.1252	4.4468	25.4389	1.910665	0.158691	0.0099
ERR3587122	0.063368	0.000049	0.001962	0.000267	0.000059	0.003863	0.000059	0.000143	380	2.0649	34.791419	11.142362	2.264562	33.049074					26.595869	3.300821	0	
ERR3587164	0.060277	0.000097	0.001053	0.000078	0.000034	0.00032	0.0001	0.000164	40	14.2075	34.366025	20.58574	123.201	7.312792	0.3055	6.0475	0.884	4.661	24.14088	2.394612	0.366719	0.0228
ERR3586852	0.038747	0.000024	0.001211	0.000186	0.000042	0.000302	0.000055	0.00007	550	31.528	33.991383	6.634392	131.979417	28.302949					26.6805	3.06763	0	0
ERR3587177	0.03932	0.000011	0.000277	0.000106	0.000045	0.000496	0.000124	0.000108	60	6.3378	34.664045	17.291965	41.52515	25.65001	0.464	12.904	1.108	8.073	25.194555	2.388755	0.219944	0.0132
ERR3586915	0.038579	0.000279	0.002259	0.00071	0.00011	0.004868	0.048071	0.002026	45	35.4002	33.208145	13.874505	236.1591	1.185394	0.06	0.92875	0.43225	2.65725	24.82737	2.683702	0.389715	0.03465
ERR3586857	0.037651	0.000015	0.001245	0.000204	0.00004	0.000315	0.000049	0.000074	550	31.528	33.991383	6.634392	131.979417	28.302949					26.6805	3.06763	0	0
ERR3586854	0.03724	0.000025	0.001242	0.00024	0.00005	0.000288	0.000057	0.000065	550	31.528	33.991383	6.634392	131.979417	28.302949					26.6805	3.06763	0	0
ERR3586911	0.036942	0.000244	0.002241	0.000822	0.000121	0.00476	0.048201	0.002021	45	35.4002	33.208145	13.874505	236.1591	1.185394	0.06	0.92875	0.43225	2.65725	24.82737	2.683702	0.389715	0.03465
ERR3586917	0.036494	0.000254	0.002224	0.000668	0.000111	0.004889	0.047994	0.002249	45	35.4002	33.208145	13.874505	236.1591	1.185394	0.06	0.92875	0.43225	2.65725	24.82737	2.683702	0.389715	0.03465
ERR3586856	0.036232	0.000022	0.001142	0.000201	0.00002	0.000251	0.000055	0.000041	550	31.528	33.991383	6.634392	131.979417	28.302949					26.6805	3.06763	0	0
ERR3587020	0.035781	0.000016	0.001223	0.000142	0.000024	0.000304	0.000064	0.000069	550	31.528	33.991383	6.634392	131.979417	28.302949					26.6805	3.06763	0	0
ERR3586914	0.035818	0.000309	0.002424	0.000773	0.000129	0.004736	0.048057	0.002041	45	35.4002	33.208145	13.874505	236.1591	1.185394	0.06	0.92875	0.43225	2.65725	24.82737	2.683702	0.389715	0.03465
ERR3586918	0.035189	0.000225	0.002265	0.000736	0.000112	0.004739	0.047778	0.002088	45	35.4002	33.208145	13.874505	236.1591	1.185394	0.06	0.92875	0.43225	2.65725	24.82737	2.683702	0.389715	0.03465
ERR3586853	0.034689	0.000024	0.001237	0.000203	0.00002	0.000264	0.000071	0.000072	550	31.528	33.991383	6.634392	131.979417	28.302949					26.6805	3.06763	0	0
ERR3586912	0.034915	0.000276	0.002302	0.000702	0.000101	0.004798	0.048454	0.002141	45	35.4002	33.208145	13.874505	236.1591	1.185394	0.06	0.92875	0.43225	2.65725	24.82737	2.683702	0.389715	0.03465
ERR3586916	0.034892	0.000169	0.002208	0.000712	0.000118	0.004743	0.047413	0.002035	45	35.4002	33.208145	13.874505	236.1591	1.185394	0.06	0.92875	0.43225	2.65725	24.82737	2.683702	0.389715	0.03465
ERR3586913	0.034163	0.000236	0.002411	0.000712	0.000092	0.00463	0.048229	0.001939	45	35.4002	33.208145	13.874505	236.1591	1.185394	0.06	0.92875	0.43225	2.65725	24.82737	2.683702	0.389715	0.03465
ERR3586855	0.032811	0.000015	0.001236	0.000201	0.000039	0.000329	0.000063	0.000043	550	31.528	33.991383	6.634392	131.979417	28.302949					26.6805	3.06763	0	0
ERR3587166	0.029643	0.000024	0.000591	0.00037	0.000054	0.001161	0.000095	0.000122	450	6.3559	34.608919	8.149894	1.013313	36.753654	0.0078	36.219	3.155	52.9225	26.951444	3.439414	0	0.0018
ERR3587175	0.025421	0.000005	0.000138	0.000339	0.000047	0.00031	0.000083	0.000462	5	14.2035	33.84798	26.478605	195.77195	3.740793	0.067	2.444	0.456	2.538	22.01524	1.755806	0.251665	0.0081
ERR3586851	0.018931	0.000033	0.000336	0.000448	0.000029	0.000565	0.000159	0.000139	746	22.7546	34.254006	4.663706	22.28975	37.060557					27.129662	3.570392	0	0
ERR3586848	0.018709	0.000033	0.000304	0.000444	0.000011	0.000484	0.000118	0.000111	746	22.7546	34.254006	4.663706	22.28975	37.060557					27.129662	3.570392	0	0
ERR3586846	0.018639	0.00003	0.00024	0.000492	0.00003	0.000537	0.000121	0.000104	746	22.7546	34.254006	4.663706	22.28975	37.060557					27.129662	3.570392	0	0
ERR3586850	0.018418	0.00003	0.000307	0.000519	0.000022	0.000519	0.000087	0.000136	746	22.7546	34.254006	4.663706	22.28975	37.060557					27.129662	3.570392	0	0
ERR3586847	0.018537	0.000043	0.000275	0.000456	0.000023	0.000488	0.000113	0.000138	746	22.7546	34.254006	4.663706	22.28975	37.060557					27.129662	3.570392	0	0
ERR3586849	0.018189	0.000035	0.000302	0.0004	0.000015	0.000495	0.000126	0.000126	746	22.7546	34.254006	4.663706	22.28975	37.060557					27.129662	3.570392	0	0
ERR3587021	0.021801	0.000263	0.002405	0.000778	0.000097	0.004793	0.04744	0.001915	45	35.4002	33.208145	13.874505	236.1591	1.185394	0.06	0.92875	0.43225	2.65725	24.82737	2.683702	0.389715	0.03465
ERR3587017	0.015972	0.00005	0.000272	0.000424	0.000012	0.000513	0.000106	0.000106	746	22.7546	34.254006	4.663706	22.28975	37.060557					27.129662	3.570392	0	0
ERR3586798	0.0198	0.000023	0.000346	0.000482	0.000007	0.000335	0.000512	0.000305	115	31.5168	34.39568	15.321075	222.94125	0	0.017	0.047	0.1252	4.4468	25.4389	1.910665	0.158691	0.0099
ERR3586800	0.019795	0.000028	0.000452	0.000457	0.000014	0.00035	0.00049	0.000315	115	31.5168	34.39568	15.321075	222.94125	0	0.017	0.047	0.1252	4.4468	25.4389	1.910665	0.158691	0.0099
ERR3586836	0.019373	0.000047	0.000187	0.009824	0.000007	0.000398	0.006055	0.000494	5	22.7598	35.27298	26.275305	194.93045	0	0.0015	0.018	0.0457	1.0473	23.153445	1.322836	0.097229	0.0026
ERR3586838	0.019285	0.000048	0.000171	0.009831	0.000005	0.000447	0.006092	0.000466	5	22.7598	35.27298	26.275305	194.93045	0	0.0015	0.018	0.0457	1.0473	23.153445	1.322836	0.097229	0.0026
ERR3586799	0.019397	0.000012	0.000385	0.000481	0.000023	0.000323	0.000601	0.000357	115	31.5168	34.39568	15.321075	222.94125	0	0.017	0.047	0.1252	4.4468	25.4389	1.910665	0.158691	0.0099
ERR3586839	0.019319	0.000019	0.000193	0.00989	0.000015	0.000405	0.006205	0.000453	5	22.7598	35.27298	26.275305	194.93045	0	0.0015	0.018	0.0457	1.0473	23.153445	1.322836	0.097229	0.0026
ERR3586834	0.018932	0.000021	0.000212	0.009451	0.000035	0.000301	0.006111	0.000452	5	22.7598	35.27298	26.275305	194.93045	0	0.0015	0.018	0.0457	1.0473	23.153445	1.322836	0.097229	0.0026
ERR3587019	0.018804	0.000032	0.00034	0.00044	0.000024	0.000263	0.00045	0.000258	115	31.5168	34.39568	15.321075	222.94125	0	0.017	0.047	0.1252	4.4468	25.4389	1.910665	0.158691	0.0099
ERR3586835	0.018572	0.000028	0.000229	0.00956	0.000005	0.000411	0.005992	0.000496	5	22.7598	35.27298	26.275305	194.93045	0	0.0015	0.018	0.0457	1.0473	23.153445	1.322836	0.097229	0.0026
ERR3587120	0.018442	0.000018	0.000508	0.001428	0.000046	0.000766	0.00018	0.001533	30	2.0299	34.475915	26.019185	199.8303	4.369042	0.111	4.638	0.50475	3.225	22.63355	2.048813	0.329704	0.013
ERR3587112	0.018084	0.000006	0.000134	0.000325	0.000046	0.00026	0.000089	0.000496	5	14.2035	33.84798	26.478605	195.77195	3.740793	0.067	2.444	0.456	2.538	22.01524	1.755806	0.251665	0.0081
ERR3587015	0.014723	0.000028	0.000174	0.007744	0.000024	0.000379	0.005574	0.000455	5	22.7598	35.27298	26.275305	194.93045	0	0.0015	0.018	0.0457	1.0473	23.153445	1.322836	0.097229	0.0026
ERR3587189	0.010078	0.000084	0.002175	0.000253	0.000072	0.003718	0.000048	0.000163	380	2.0649	34.791419	11.142362	2.264562	33.049074					26.595869	3.300821	0	
ERR3587188	0.011431	0.000011	0.000487	0.001443	0.000034	0.00082	0.000152	0.00143	30	2.0299	34.475915	26.019185	199.8303	4.369042	0.111	4.638	0.50475	3.225	22.63355	2.048813	0.329704	0.013
ERR3587178	0.00961	0.000019	0.000664	0.000747	0.000017	0.000739	0.000278	0.000405	5	6.3332	33.52041	26.605515	196.2029	0.803918	0.003	0.002	0.1575	1.1855	21.72899	1.444322	0.125361	0.0032
ERR3586807	0.002557	0.000164	0.001258	0.00036	0.000093	0.006093	0.087555	0.000936	5	32.7526	33.468295	17.46236	226.8945	0	0.015167	0.029292	0.288583	1.223291	24.22939	2.173314	0.253087	0.0308
ERR3587073	0.002495	0.000183	0.001282	0.000419	0.000079	0.006188	0.090554	0.000996	5	32.7526	33.468295	17.46236	226.8945	0	0.015167	0.029292	0.288583	1.223291	24.22939	2.173314	0.253087	0.0308
ERR3586806	0.002377	0.00019	0.001127	0.000431	0.000065	0.005909	0.087268	0.000911	5	32.7526	33.468295	17.46236	226.8945	0	0.015167	0.029292	0.288583	1.223291	24.22939	2.173314	0.253087	0.0308
ERR3586808	0.002425	0.000147	0.001183	0.000382	0.000064	0.006182	0.08774	0.000937	5	32.7526	33.468295	17.46236	226.8945	0	0.015167	0.029292	0.288583	1.223291	24.22939	2.173314	0.253087	0.0308
ERR3586840	0.00144	0.000025	0.000183	0.00022	0.000021	0.000176	0.000157	0.00017	110	22.7901	35.305705	22.3077	204.16885	0	0.01	0.006	0.0172	1.6413	24.36847	1.672468	0.11445	0.00525
ERR3586805	0.002297	0.000161	0.001175	0.000442	0.00007	0.005962	0.087696	0.000888	5	32.7526	33.468295	17.46236	226.8945	0	0.015167	0.029292	0.288583	1.223291	24.22939	2.173314	0.253087	0.0308
ERR3586767	0.002625	0.000002	0.0001	0.000992	0.000052	0.000409	0.00011	0.000748	5	6.671	34.74947	28.29544	185.28475	0	0.042	0.4145	0.225	1.3695	22.10997	1.600104	0.21374	0.0025
ERR3587013	0.002446	0.000005	0.000109	0.000999	0.000056	0.000384	0.000108	0.000734	5	6.671	34.74947	28.29544	185.28475	0	0.042	0.4145	0.225	1.3695	22.10997	1.600104	0.21374	0.0025
ERR3587077	0.0013	0.000012	0.000374	0.002469	0.000078	0.000472	0.000355	0.001238	5	7.4122	28.922675	26.555663	205.411	0	0.0043	0.00275	0.09345	0.63375	18.28625	1.782691	0.182274	0.04365
ERR3586844	0.001384	0.000038	0.000229	0.000176	0.000028	0.000159	0.000127	0.00019	110	22.7901	35.305705	22.3077	204.16885	0	0.01	0.006	0.0172	1.6413	24.36847	1.672468	0.11445	0.00525
ERR3586843	0.001467	0.000041	0.000169	0.000156	0.000056	0.000255	0.000122	0.000169	110	22.7901	35.305705	22.3077	204.16885	0	0.01	0.006	0.0172	1.6413	24.36847	1.672468	0.11445	0.00525
ERR3586765	0.002478	0.000011	0.000103	0.000964	0.00003	0.000418	0.000106	0.000745	5	6.671	34.74947	28.29544	185.28475	0	0.042	0.4145	0.225	1.3695	22.10997	1.600104	0.21374	0.0025
ERR3586766	0.002604	0.000006	0.000111	0.001007	0.00004	0.000392	0.0001	0.000793	5	6.671	34.74947	28.29544	185.28475	0	0.042	0.4145	0.225	1.3695	22.10997	1.600104	0.21374	0.0025
ERR3586845	0.001358	0.00003	0.000174	0.0002	0.000032	0.000222	0.000146	0.000202	110	22.7901	35.305705	22.3077	204.16885	0	0.01	0.006	0.0172	1.6413	24.36847	1.672468	0.11445	0.00525
ERR3586827	0.00129	0.000012	0.000322	0.002249	0.000096	0.00048	0.000282	0.001208	5	7.4122	28.922675	26.555663	205.411	0	0.0043	0.00275	0.09345	0.63375	18.28625	1.782691	0.182274	0.04365
ERR3587016	0.001462	0.00002	0.000187	0.000165	0.000025	0.000254	0.000112	0.000188	110	22.7901	35.305705	22.3077	204.16885	0	0.01	0.006	0.0172	1.6413	24.36847	1.672468	0.11445	0.00525
ERR3586764	0.002444	0.000003	0.000089	0.000998	0.000056	0.000412	0.000132	0.000784	5	6.671	34.74947	28.29544	185.28475	0	0.042	0.4145	0.225	1.3695	22.10997	1.600104	0.21374	0.0025
ERR3586842	0.001353	0.000054	0.000182	0.000188	0.000035	0.000156	0.000145	0.00019	110	22.7901	35.305705	22.3077	204.16885	0	0.01	0.006	0.0172	1.6413	24.36847	1.672468	0.11445	0.00525
ERR3586826	0.001304	0.000012	0.000306	0.00234	0.000101	0.00044	0.00026	0.001127	5	7.4122	28.922675	26.555663	205.411	0	0.0043	0.00275	0.09345	0.63375	18.28625	1.782691	0.182274	0.04365
ERR3586841	0.001233	0.000031	0.00019	0.000188	0.000052	0.000207	0.000178	0.000223	110	22.7901	35.305705	22.3077	204.16885	0	0.01	0.006	0.0172	1.6413	24.36847	1.672468	0.11445	0.00525
ERR3586828	0.001196	0.000012	0.000308	0.002143	0.0001	0.00044	0.000273	0.001144	5	7.4122	28.922675	26.555663	205.411	0	0.0043	0.00275	0.09345	0.63375	18.28625	1.782691	0.182274	0.04365
ERR3586825	0.001267	0.000014	0.000313	0.002278	0.000096	0.000492	0.000268	0.001159	5	7.4122	28.922675	26.555663	205.411	0	0.0043	0.00275	0.09345	0.63375	18.28625	1.782691	0.182274	0.04365
ERR3586814	0.001774	0.002121	0.014129	0.001109	0.000129	0.134688	0.156881	0.001454	30	32.931	33.417845	16.2703	226.2744	0.065956	0.128209	1.011	0.370333	1.615166	24.46531	2.413609	0.267761	0.09525
ERR3587002	0.00176	0.002132	0.014707	0.001072	0.000129	0.136568	0.164252	0.00147	30	32.931	33.417845	16.2703	226.2744	0.065956	0.128209	1.011	0.370333	1.615166	24.46531	2.413609	0.267761	0.09525
ERR3586815	0.001829	0.00225	0.014295	0.001106	0.000098	0.13428	0.158081	0.001502	30	32.931	33.417845	16.2703	226.2744	0.065956	0.128209	1.011	0.370333	1.615166	24.46531	2.413609	0.267761	0.09525
ERR3586816	0.001797	0.002027	0.014271	0.001021	0.000148	0.134511	0.156544	0.0015	30	32.931	33.417845	16.2703	226.2744	0.065956	0.128209	1.011	0.370333	1.615166	24.46531	2.413609	0.267761	0.09525
ERR3587075	0.001658	0.00226	0.0155	0.001112	0.000138	0.133943	0.16858	0.001702	30	32.931	33.417845	16.2703	226.2744	0.065956	0.128209	1.011	0.370333	1.615166	24.46531	2.413609	0.267761	0.09525
ERR3586813	0.001747	0.002065	0.014221	0.001089	0.000137	0.134803	0.157302	0.001494	30	32.931	33.417845	16.2703	226.2744	0.065956	0.128209	1.011	0.370333	1.615166	24.46531	2.413609	0.267761	0.09525
ERR3586810	0.001259	0.00019	0.001392	0.001205	0.000087	0.003406	0.082788	0.001272	5	32.9986	33.468295	17.46236	226.8945	0	0.015167	0.029292	0.288583	1.223291	24.22939	2.173314	0.253087	0.0308
ERR3586812	0.001269	0.000221	0.001293	0.001228	0.000096	0.003453	0.084002	0.0012	5	32.9986	33.468295	17.46236	226.8945	0	0.015167	0.029292	0.288583	1.223291	24.22939	2.173314	0.253087	0.0308
ERR3586809	0.001226	0.000239	0.001275	0.0011	0.000086	0.003387	0.083986	0.001209	5	32.9986	33.468295	17.46236	226.8945	0	0.015167	0.029292	0.288583	1.223291	24.22939	2.173314	0.253087	0.0308
ERR3587074	0.001184	0.000196	0.001426	0.00122	0.000101	0.003323	0.086912	0.00131	5	32.9986	33.468295	17.46236	226.8945	0	0.015167	0.029292	0.288583	1.223291	24.22939	2.173314	0.253087	0.0308
ERR3586811	0.001257	0.000212	0.001289	0.001173	0.000104	0.00352	0.084106	0.001352	5	32.9986	33.468295	17.46236	226.8945	0	0.015167	0.029292	0.288583	1.223291	24.22939	2.173314	0.253087	0.0308
ERR3587014	0.001512	0.000008	0.000368	0.000262	0.00002	0.000184	0.000048	0.000156	85	6.6112	34.798985	28.308435	183.1609	0	0.6895	1.1285	0.332	1.448	22.14902	1.683812	0.214085	0.004
ERR3586795	0.001449	0.00001	0.000339	0.000256	0.000017	0.000214	0.000088	0.000196	85	6.6112	34.798985	28.308435	183.1609	0	0.6895	1.1285	0.332	1.448	22.14902	1.683812	0.214085	0.004
ERR3586837	0.001165	0.000061	0.000216	0.009973	0.000019	0.000361	0.005801	0.000453	5	22.7598	35.27298	26.275305	194.93045	0	0.0015	0.018	0.0457	1.0473	23.153445	1.322836	0.097229	0.0026
ERR3586794	0.001499	0.000007	0.000329	0.000221	0.000009	0.000264	0.000153	0.000165	85	6.6112	34.798985	28.308435	183.1609	0	0.6895	1.1285	0.332	1.448	22.14902	1.683812	0.214085	0.004
ERR3586793	0.001536	0.000013	0.000346	0.000238	0.000021	0.000276	0.000098	0.000208	85	6.6112	34.798985	28.308435	183.1609	0	0.6895	1.1285	0.332	1.448	22.14902	1.683812	0.214085	0.004
ERR3586796	0.001456	0.000012	0.00037	0.000243	0.000021	0.000293	0.00014	0.000215	85	6.6112	34.798985	28.308435	183.1609	0	0.6895	1.1285	0.332	1.448	22.14902	1.683812	0.214085	0.004
ERR3587114	0.000986	0.00001	0.000249	0.000116	0.000047	0.000419	0.000091	0.000104	60	6.3378	34.664045	17.291965	41.52515	25.65001	0.464	12.904	1.108	8.073	25.194555	2.388755	0.219944	0.0132
ERR3586909	0.001176	0.00006	0.000056	0.00237	0.000007	0.000346	0.002374	0.000275	5	31.5213	35.19025	25.164595	197.7245	0	0.002	0.01	0.0062	2.4278	23.434915	1.397096	0.101563	0.0024
ERR3586908	0.001033	0.000011	0.000079	0.002264	0.000011	0.000355	0.002372	0.000236	5	31.5213	35.19025	25.164595	197.7245	0	0.002	0.01	0.0062	2.4278	23.434915	1.397096	0.101563	0.0024
ERR3586903	0.001115	0.000039	0.000039	0.002234	0.000021	0.000335	0.002455	0.000203	5	31.5213	35.19025	25.164595	197.7245	0	0.002	0.01	0.0062	2.4278	23.434915	1.397096	0.101563	0.0024
ERR3586906	0.001005	0.000041	0.000079	0.002453	0.000019	0.000316	0.002716	0.000229	5	31.5213	35.19025	25.164595	197.7245	0	0.002	0.01	0.0062	2.4278	23.434915	1.397096	0.101563	0.0024
ERR3586905	0.00103	0.000048	0.000059	0.002382	0.000018	0.000352	0.002455	0.000227	5	31.5213	35.19025	25.164595	197.7245	0	0.002	0.01	0.0062	2.4278	23.434915	1.397096	0.101563	0.0024
ERR3586910	0.001141	0.000042	0.000093	0.002251	0.000004	0.000289	0.002336	0.000224	5	31.5213	35.19025	25.164595	197.7245	0	0.002	0.01	0.0062	2.4278	23.434915	1.397096	0.101563	0.0024
ERR3587018	0.001158	0.000035	0.000052	0.002032	0.000012	0.00035	0.002061	0.000284	5	31.5213	35.19025	25.164595	197.7245	0	0.002	0.01	0.0062	2.4278	23.434915	1.397096	0.101563	0.0024
ERR3586907	0.000991	0.000045	0.000067	0.002369	0.000019	0.000373	0.0025	0.000291	5	31.5213	35.19025	25.164595	197.7245	0	0.002	0.01	0.0062	2.4278	23.434915	1.397096	0.101563	0.0024
ERR3586904	0.001088	0.000039	0.000075	0.00237	0.000011	0.000315	0.002477	0.000265	5	31.5213	35.19025	25.164595	197.7245	0	0.002	0.01	0.0062	2.4278	23.434915	1.397096	0.101563	0.0024
ERR3587076	0.000747	0.000014	0.000406	0.002159	0.000092	0.000804	0.000446	0.002554	5	6.4998	33.205433	26.396617	183.942	2.969288	0.0995	4.49825	0.55525	3.454	21.557358	1.908432	0.348423	0.06825
ERR3586822	0.000757	0.000029	0.000345	0.001965	0.000097	0.000733	0.000332	0.002246	5	6.4998	33.205433	26.396617	183.942	2.969288	0.0995	4.49825	0.55525	3.454	21.557358	1.908432	0.348423	0.06825
ERR3586824	0.000727	0.000024	0.000407	0.001748	0.0001	0.000723	0.000324	0.002209	5	6.4998	33.205433	26.396617	183.942	2.969288	0.0995	4.49825	0.55525	3.454	21.557358	1.908432	0.348423	0.06825
ERR3586821	0.000744	0.000019	0.00036	0.001963	0.00009	0.000667	0.000304	0.002199	5	6.4998	33.205433	26.396617	183.942	2.969288	0.0995	4.49825	0.55525	3.454	21.557358	1.908432	0.348423	0.06825
ERR3587003	0.000731	0.000033	0.000411	0.001867	0.00008	0.000709	0.000419	0.002321	5	6.4998	33.205433	26.396617	183.942	2.969288	0.0995	4.49825	0.55525	3.454	21.557358	1.908432	0.348423	0.06825
ERR3586823	0.000626	0.000022	0.000391	0.00202	0.000084	0.000688	0.000329	0.002238	5	6.4998	33.205433	26.396617	183.942	2.969288	0.0995	4.49825	0.55525	3.454	21.557358	1.908432	0.348423	0.06825
ERR3587072	0.00054	0.000598	0.000471	0.000455	0.000091	0.000727	0.268103	0.001281	5	35.3671	33.07013	19.24802	223.159	0	0.002	0.011	0.2925	1.95475	23.48431	1.791365	0.140785	0.00805
ERR3586802	0.000539	0.000478	0.000421	0.000463	0.000061	0.00053	0.235346	0.001139	5	35.3671	33.07013	19.24802	223.159	0	0.002	0.011	0.2925	1.95475	23.48431	1.791365	0.140785	0.00805
ERR3587001	0.000539	0.000566	0.00044	0.000405	0.000086	0.0007	0.256689	0.00129	5	35.3671	33.07013	19.24802	223.159	0	0.002	0.011	0.2925	1.95475	23.48431	1.791365	0.140785	0.00805
ERR3586801	0.000513	0.000551	0.000424	0.000417	0.000098	0.000609	0.243975	0.001256	5	35.3671	33.07013	19.24802	223.159	0	0.002	0.011	0.2925	1.95475	23.48431	1.791365	0.140785	0.00805
ERR3586803	0.000439	0.000502	0.000363	0.000372	0.000109	0.000544	0.237353	0.001083	5	35.3671	33.07013	19.24802	223.159	0	0.002	0.011	0.2925	1.95475	23.48431	1.791365	0.140785	0.00805
ERR3586804	0.000465	0.00048	0.000422	0.000422	0.000089	0.000577	0.236633	0.001184	5	35.3671	33.07013	19.24802	223.159	0	0.002	0.011	0.2925	1.95475	23.48431	1.791365	0.140785	0.00805
ERR3586819	0.000482	0.000005	0.000142	0.000578	0.000051	0.000311	0.000173	0.000518	5	17.0854	34.524725	24.612275	201.518375	0	0.0145	0.242	0.3115	1.7995	23.0995	1.639171	0.184438	0.0051
ERR3586818	0.000399	0.000007	0.000112	0.000653	0.000061	0.000318	0.000138	0.000545	5	17.0854	34.524725	24.612275	201.518375	0	0.0145	0.242	0.3115	1.7995	23.0995	1.639171	0.184438	0.0051
ERR3586820	0.000464	0.000009	0.000109	0.000602	0.000043	0.000272	0.000141	0.000512	5	17.0854	34.524725	24.612275	201.518375	0	0.0145	0.242	0.3115	1.7995	23.0995	1.639171	0.184438	0.0051
ERR3586991	0.000403	0.000006	0.000093	0.000702	0.000035	0.000316	0.000136	0.000669	5	17.0854	34.524725	24.612275	201.518375	0	0.0145	0.242	0.3115	1.7995	23.0995	1.639171	0.184438	0.0051
ERR3586982	0.000327	0.000006	0.000118	0.000755	0.000045	0.000316	0.000158	0.000541	5	17.0854	34.524725	24.612275	201.518375	0	0.0145	0.242	0.3115	1.7995	23.0995	1.639171	0.184438	0.0051
ERR3586817	0.000395	0.000007	0.000192	0.000642	0.000036	0.000291	0.000132	0.000548	5	17.0854	34.524725	24.612275	201.518375	0	0.0145	0.242	0.3115	1.7995	23.0995	1.639171	0.184438	0.0051
ERR3587127	0.084929	0.000033	0.000276	0.000077	0.000017	0.000829	0.000036	0.000203	150	-8.9109	35.877315	21.97372	158.18405	5.004597	1.46875	5.44175	0.6607	1.18375	24.895825	1.955839	0	0.000925
ERR3587124	0.083897	0.000007	0.000169	0.001263	0.000032	0.000281	0.000355	0.001236	5	-16.9601	35.98269	22.78183	209.1003	3.149999	0.0415	2.676	0.5	1.0325	24.742485	1.775215	0.154999	0.0027
ERR3587171	0.078199	0.000008	0.000192	0.001094	0.00003	0.000436	0.000436	0.00118	5	-16.9601	35.98269	22.78183	209.1003	3.149999	0.0415	2.676	0.5	1.0325	24.742485	1.775215	0.154999	0.0027
ERR3587185	0.075073	0.000006	0.000225	0.00044	0.000029	0.000181	0.000112	0.000401	5	-13.0023	35.82876	25.349495	201.0109	5.005302	0.137	6.1625	0.67725	1.15025	23.86109	1.77889	0.227673	0.0066
ERR3587126	0.067798	0.00011	0.001296	0.000153	0.000118	0.001578	0.000077	0.000217	600	-8.9729	34.5789	7.133995	40.6107	41.697487					27.07634	3.112808	0	
ERR3587172	0.059572	0.000015	0.000803	0.000055	0.000131	0.003827	0.000029	0.000075	115	-9.0063	36.101175	24.661385	178.3692	3.213808	0.092792	2.67775	0.582933	1.907042	24.2843	1.880646	0.199886	0.0028
ERR3587006	0.042336	0.000159	0.00245	0.003101	0.000055	0.003131	0.000267	0.000127	380	0.0063	34.748925	10.222825	5.03365	36.80312	0.01475	37.197667	2.664875	37.4515	26.725515	3.342139	0	0
ERR3587174	0.062321	0.000013	0.000087	0.000083	0.000009	0.000105	0.000033	0.000025	140	-8.8999	36.28145	23.681605	160.81445	3.583718	0.05475	3.47525	0.566	1.24575	24.715135	1.897657	0	4.00E-04
ERR3587161	0.060302	0.000025	0.000302	0.000084	0.000038	0.000777	0.000024	0.000206	150	-8.9109	35.877315	21.97372	158.18405	5.004597	1.46875	5.44175	0.6607	1.18375	24.895825	1.955839	0	0.000925
ERR3586960	0.039089	0.000124	0.002465	0.003258	0.000068	0.003275	0.000276	0.000158	380	0.0063	34.748925	10.222825	5.03365	36.80312	0.01475	37.197667	2.664875	37.4515	26.725515	3.342139	0	0
ERR3587199	0.056292	0.000006	0.000049	0.000162	0.000082	0.000149	0.000094	0.00051	5	-9.1504	35.384031	26.572419	190.378187	4.965553	0.1665	6.2015	0.63025	2.53325	23.143631	1.628674	0.261381	0.01184
ERR3587128	0.055802	0.00001	0.000259	0.000247	0.000035	0.000317	0.000151	0.001481	120	-9.0714	35.907345	24.81397	172.42475	4.148328	0.3535	1.19925	0.4885	1.469	24.092785	1.908626	0.077051	0.00185
ERR3587173	0.052501	0.000014	0.000284	0.000229	0.000028	0.000303	0.000169	0.001592	120	-9.0714	35.907345	24.81397	172.42475	4.148328	0.3535	1.19925	0.4885	1.469	24.092785	1.908626	0.077051	0.00185
ERR3587160	0.046371	0.000101	0.001746	0.00016	0.000121	0.001501	0.00008	0.000242	600	-8.9729	34.5789	7.133995	40.6107	41.697487					27.07634	3.112808	0	
ERR3587198	0.050846	0.000013	0.000058	0.000331	0.000102	0.000178	0.000117	0.017231	5	-8.9068	35.3551	26.586685	189.6701	4.805128	0.14425	4.9015	0.53495	2.2205	23.11712	1.63837	0.181215	0.0092
ERR3587144	0.040634	0.000022	0.000867	0.000487	0.000057	0.000331	0.000359	0.00045	40	-5.2669	34.884385	19.781235	104.9968	18.72477	1.202	24.3645	1.8615	10.5045	24.729155	2.896974	0.365239	0.018
ERR3587190	0.039858	0.00001	0.000381	0.000255	0.000028	0.000247	0.000249	0.000461	90	-16.9587	35.69581	19.783275	208.54895	0.85366	0.203	1.2215	0.443	0.9285	25.354365	2.047239	0.207911	0.0035
ERR3587142	0.036431	0.000027	0.000644	0.000097	0.000035	0.000377	0.000116	0.000211	50	-12.9723	35.64227	22.596675	216.67805	4.229206	0.1635	5.6545	0.7785	1.8815	24.5284	2.070398	0.258187	0.0096
ERR3587119	0.034366	0.000008	0.00015	0.000589	0.000055	0.000123	0.000192	0.000691	5	-5.2529	34.764535	24.958885	204.421	13.010708	0.3285	12.8225	1.02575	5.04425	23.176695	2.076027	0.264409	0.00655
ERR3587069	0.02049	0.000116	0.003531	0.000433	0.000002	0.002006	0.000113	0.000086	488	-25.8076	34.3655	7.96837	154.6701	24.271551	0	27.2885	2.023	12.05	26.78725	2.58324	0	0
ERR3587118	0.03013	0.000033	0.001656	0.000355	0.000023	0.001131	0.000042	0.000103	480	-5.261	34.692094	9.137438	5.148	40.112735	0.014	39.1775	2.853	40.579	26.863531	3.478053	0	0
ERR3586895	0.018238	0.000371	0.000256	0.000264	0.000044	0.000385	0.016331	0.000159	5	-25.8051	36.40163	25.18103	200.40835	0	0.000563	0.05125	0.1815	0.385875	24.346275	1.457396	0.060509	
ERR3587067	0.01808	0.000345	0.000235	0.000169	0.000028	0.000373	0.015747	0.000141	5	-25.8051	36.40163	25.18103	200.40835	0	0.000563	0.05125	0.1815	0.385875	24.346275	1.457396	0.060509	
ERR3586897	0.016501	0.000215	0.004948	0.001545	0.000167	0.002929	0.000381	0.000126	488	-25.8076	34.3655	7.96837	154.6701	24.271551	0	27.2885	2.023	12.05	26.78725	2.58324	0	0
ERR3586751	0.02693	0.000031	0.000799	0.001115	0.000048	0.001012	0.000226	0.001976	50	-1.9002	35.112815	22.039785	145.0818	10.202445	0.414	10.701	0.9295	5.407	24.318245	2.184041	0.282031	0.0291
ERR3587203	0.026552	0.000007	0.000056	0.000155	0.000085	0.000201	0.00007	0.000498	5	-9.1504	35.384031	26.572419	190.378187	4.965553	0.1665	6.2015	0.63025	2.53325	23.143631	1.628674	0.261381	0.01184
ERR3586959	0.01563	0.000054	0.001115	0.000523	0.000058	0.001779	0.000395	0.000997	40	0.0307	34.72394	23.45048	165.2702	8.276054	0.317375	9.313125	0.776625	5.75275	23.595275	2.11443	0.243787	0.0141
ERR3587070	0.015593	0.000059	0.001222	0.000423	0.000048	0.001847	0.000353	0.000909	40	0.0307	34.72394	23.45048	165.2702	8.276054	0.317375	9.313125	0.776625	5.75275	23.595275	2.11443	0.243787	0.0141
ERR3587186	0.023951	0.000027	0.000836	0.000428	0.000059	0.000299	0.000372	0.000453	40	-5.2669	34.884385	19.781235	104.9968	18.72477	1.202	24.3645	1.8615	10.5045	24.729155	2.896974	0.365239	0.018
ERR3586893	0.018787	0.000033	0.000652	0.000099	0.000012	0.001198	0.000152	0.000024	310	-28.1762	34.568237	12.677925	196.39225	10.430143	0.011	10.5835	0.86375	1.68	26.130906	2.168405	0	0
ERR3586894	0.01421	0.000016	0.000665	0.000093	0.00002	0.00052	0.000027	0.000052	175	-28.1874	35.42905	18.478415	214.770062	0.349581	0.03925	0.12225	0.1725	0.5065	25.49114	1.824504	0.1476	9.00E-04
ERR3587066	0.014125	0.000014	0.00065	0.000098	0.000014	0.000523	0.000022	0.000043	175	-28.1874	35.42905	18.478415	214.770062	0.349581	0.03925	0.12225	0.1725	0.5065	25.49114	1.824504	0.1476	9.00E-04
ERR3587065	0.018056	0.000042	0.000595	0.000077	0.000007	0.001174	0.000131	0.000018	310	-28.1762	34.568237	12.677925	196.39225	10.430143	0.011	10.5835	0.86375	1.68	26.130906	2.168405	0	0
ERR3587202	0.021625	0.000003	0.000062	0.000314	0.000106	0.000141	0.000123	0.017478	5	-8.9068	35.3551	26.586685	189.6701	4.805128	0.14425	4.9015	0.53495	2.2205	23.11712	1.63837	0.181215	0.0092
ERR3587184	0.018834	0.00004	0.000729	0.000123	0.00004	0.000422	0.000108	0.000186	50	-12.9723	35.64227	22.596675	216.67805	4.229206	0.1635	5.6545	0.7785	1.8815	24.5284	2.070398	0.258187	0.0096
ERR3587004	0.01145	0.000265	0.000137	0.000251	0.000043	0.000342	0.015121	0.000185	5	-21.146	36.1376	23.88925	203.37975	0	0.006	0.0315	0.2975	0.558	24.5391	1.490169	0.091415	3.00E-04
ERR3587141	0.016616	0.000027	0.000523	0.000129	0.000102	0.000425	0.000034	0.000044	177	-12.9794	34.82775	12.806365	3.4942	20.254424	0.131	23.251	2.68675	20.9015	26.3033	3.186315	0.019279	0
ERR3587009	0.009958	0.000156	0.003184	0.000666	0.000118	0.00224	0.006211	0.000475	5	-23.2811	36.43917	24.26287	201.6702	0.167491	0.0075	0.02525	0.14225	0.7425	24.65312	1.496493	0.055382	0
ERR3587187	0.015779	0.000009	0.00013	0.000566	0.000054	0.000144	0.000189	0.000638	5	-5.2529	34.764535	24.958885	204.421	13.010708	0.3285	12.8225	1.02575	5.04425	23.176695	2.076027	0.264409	0.00655
ERR3586898	0.010217	0.000338	0.000915	0.000616	0.000207	0.000508	0.015128	0.000334	5	-21.146	36.1376	23.88925	203.37975	0	0.006	0.0315	0.2975	0.558	24.5391	1.490169	0.091415	3.00E-04
ERR3586901	0.008586	0.000132	0.003273	0.00065	0.000111	0.002158	0.006005	0.000467	5	-23.2811	36.43917	24.26287	201.6702	0.167491	0.0075	0.02525	0.14225	0.7425	24.65312	1.496493	0.055382	0
ERR3587201	0.01379	0.000016	0.000082	0.000386	0.000014	0.000231	0.000234	0.000306	5	-8.9971	35.37032	26.60467	187.07695	5.660372	0.11925	5.456	0.56795	2.1905	23.122935	1.574452	0.177137	0.0041
ERR3587159	0.013816	0.000033	0.00171	0.000327	0.000025	0.001083	0.000038	0.000153	480	-5.261	34.692094	9.137438	5.148	40.112735	0.014	39.1775	2.853	40.579	26.863531	3.478053	0	0
ERR3587183	0.011119	0.00003	0.000581	0.000132	0.000149	0.000394	0.000028	0.000068	177	-12.9794	34.82775	12.806365	3.4942	20.254424	0.131	23.251	2.68675	20.9015	26.3033	3.186315	0.019279	0
ERR3587151	0.010239	0.000026	0.000545	0.000098	0.000045	0.000875	0.000228	0.000294	115	-9.0063	36.101175	24.661385	178.3692	3.213808	0.092792	2.67775	0.582933	1.907042	24.2843	1.880646	0.199886	0.0028
ERR3587197	0.010698	0.000011	0.000069	0.000367	0.000019	0.000265	0.00026	0.000289	5	-8.9971	35.37032	26.60467	187.07695	5.660372	0.11925	5.456	0.56795	2.1905	23.122935	1.574452	0.177137	0.0041
ERR3587010	0.00716	0.000056	0.00039	0.000121	0.000056	0.000847	0.000443	0.000385	155	-23.2189	35.90434	21.94937	206.4346	0.423501	0.014	0.04175	0.1145	0.6935	24.927695	1.745449	0.145434	0.0011
ERR3587123	0.010487	0.000013	0.0004	0.000219	0.000022	0.000234	0.000255	0.000512	90	-16.9587	35.69581	19.783275	208.54895	0.85366	0.203	1.2215	0.443	0.9285	25.354365	2.047239	0.207911	0.0035
ERR3587068	0.006325	0.000013	0.000119	0.000055	0.000011	0.000266	0.002337	0.000074	188	-25.826	35.86191	20.2127	208.821	0					25.37245	1.795236	0.115489	
ERR3587143	0.0103	0.00001	0.000199	0.000465	0.00001	0.000176	0.000126	0.00045	5	-13.0023	35.82876	25.349495	201.0109	5.005302	0.137	6.1625	0.67725	1.15025	23.86109	1.77889	0.227673	0.0066
ERR3586896	0.005952	0.00002	0.000116	0.000083	0.000011	0.00027	0.002374	0.000069	188	-25.826	35.86191	20.2127	208.821	0					25.37245	1.795236	0.115489	
ERR3586902	0.00536	0.000236	0.002584	0.000806	0.000593	0.001343	0.001072	0.000515	155	-23.2189	35.90434	21.94937	206.4346	0.423501	0.014	0.04175	0.1145	0.6935	24.927695	1.745449	0.145434	0.0011
ERR3586758	0.004152	0.000068	0.000612	0.005436	0.000589	0.00095	0.000682	0.071353	5	-23.1108	36.51495	23.791125	202.996	0					24.851175	1.910882	0.1251	
ERR3586759	0.004016	0.000057	0.000715	0.005472	0.000709	0.001052	0.00062	0.070468	5	-23.1108	36.51495	23.791125	202.996	0					24.851175	1.910882	0.1251	
ERR3587204	0.004878	0.000063	0.000114	0.000415	0.000036	0.000665	0.000173	0.000451	5	-8.9111	35.42651	26.80604	187.3321	5.460123	0.1945	3.7335	0.55725	1.80475	23.10143	1.645425	0.178072	0.0029
ERR3586757	0.003905	0.000055	0.000734	0.005508	0.000705	0.000907	0.000577	0.070566	5	-23.1108	36.51495	23.791125	202.996	0					24.851175	1.910882	0.1251	
ERR3587200	0.004801	0.00003	0.000124	0.000393	0.000043	0.000716	0.000256	0.000462	5	-8.9111	35.42651	26.80604	187.3321	5.460123	0.1945	3.7335	0.55725	1.80475	23.10143	1.645425	0.178072	0.0029
ERR3587011	0.003637	0.00006	0.000621	0.005594	0.00085	0.000824	0.000634	0.07231	5	-23.1108	36.51495	23.791125	202.996	0					24.851175	1.910882	0.1251	
ERR3586756	0.003761	0.000047	0.000581	0.005625	0.000635	0.000906	0.00061	0.070394	5	-23.1108	36.51495	23.791125	202.996	0					24.851175	1.910882	0.1251	
ERR3586955	0.002587	0.065578	0.44272	0.087075	0.001927	1.709114	0.858269	0.001178	9	-33.6895	34.3948	15.912325	245.3235		0.039	0.11	0.795	0.49	25.30165		2.257991	
ERR3587059	0.002427	0.063748	0.426616	0.084675	0.001818	1.706631	0.843703	0.001202	9	-33.6895	34.3948	15.912325	245.3235		0.039	0.11	0.795	0.49	25.30165		2.257991	
ERR3586763	0.003987	0.000032	0.000468	0.000783	0.00006	0.000675	0.000267	0.000366	100	-6.628	35.511855	26.960655	184.1395	4.30006	0.2045	4.5355	0.56825	1.5525	23.123355	1.70088	0.179825	0.0013
ERR3586761	0.003907	0.000047	0.000502	0.000736	0.000065	0.000676	0.00026	0.000434	100	-6.628	35.511855	26.960655	184.1395	4.30006	0.2045	4.5355	0.56825	1.5525	23.123355	1.70088	0.179825	0.0013
ERR3587005	0.003883	0.000102	0.000904	0.001622	0.000042	0.005192	0.000302	0.00251	5	-0.0283	34.51722	25.702575	194.915	6.047064	0.15125	5.556563	0.573125	3.595125	22.76179	1.88776	0.217039	0.006
ERR3586762	0.003855	0.000039	0.000548	0.000738	0.000059	0.000685	0.000286	0.000366	100	-6.628	35.511855	26.960655	184.1395	4.30006	0.2045	4.5355	0.56825	1.5525	23.123355	1.70088	0.179825	0.0013
ERR3586760	0.003855	0.000021	0.000465	0.00075	0.000092	0.000729	0.000314	0.000375	100	-6.628	35.511855	26.960655	184.1395	4.30006	0.2045	4.5355	0.56825	1.5525	23.123355	1.70088	0.179825	0.0013
ERR3587012	0.0037	0.000017	0.000416	0.000758	0.000087	0.000631	0.000218	0.000344	100	-6.628	35.511855	26.960655	184.1395	4.30006	0.2045	4.5355	0.56825	1.5525	23.123355	1.70088	0.179825	0.0013
ERR3586958	0.003473	0.000126	0.000902	0.001731	0.000062	0.005399	0.00032	0.002608	5	-0.0283	34.51722	25.702575	194.915	6.047064	0.15125	5.556563	0.573125	3.595125	22.76179	1.88776	0.217039	0.006
ERR3587063	0.003391	0.000007	0.00012	0.000177	0.000029	0.000378	0.000256	0.000349	155	-29.668	35.33263	18.12644	220.19105	0			0.181	0.5315	25.50222	1.847651	0.166728	
ERR3586891	0.003119	0.000006	0.000067	0.000175	0.000026	0.000361	0.000271	0.000333	155	-29.668	35.33263	18.12644	220.19105	0			0.181	0.5315	25.50222	1.847651	0.166728	
ERR3586899	0.002161	0.001233	0.012138	0.00181	0.00139	0.00195	0.008632	0.004791	5	-2.0133	35.012435	23.88816	191.91255	8.074076	0.31925	8.287	0.77275	3.8635	23.68419	1.970432	0.246175	0.0125
ERR3587071	0.001166	0.000032	0.000676	0.000384	0.000107	0.00041	0.00005	0.000181	380	-1.8902	34.747805	10.082375	2.43975	26.734022					26.748625	3.401892	0.007712	
ERR3587103	0.000696	0.000024	0.001202	0.0046	0.000185	0.000769	0.000385	0.001025	40	0.0222	35.146525	26.139288	177.673063	3.000673	0.2835	5.264	0.54925	2.7405	23.1032	1.708381	0.28262	0.0082
ERR3586979	0.001196	0.000039	0.001044	0.000913	0.000033	0.000519	0.000489	0.000484	5	-6.6499	35.41223	27.067715	188.4359	5.064634	0.1715	4.821	0.56525	1.932	23.00702	1.607691	0.201192	0.0015
ERR3586981	0.000679	0.000021	0.000973	0.004881	0.000206	0.000729	0.000427	0.001278	40	0.0222	35.146525	26.139288	177.673063	3.000673	0.2835	5.264	0.54925	2.7405	23.1032	1.708381	0.28262	0.0082
ERR3586892	0.001095	0.000155	0.000141	0.00021	0.000075	0.000692	0.024743	0.000269	5	-28.1698	36.049015	24.716415	200.81125	0.107906	5.00E-04	0.035	0.121	0.567	24.22107	1.510773	0.065128	
ERR3587064	0.001137	0.000148	0.000141	0.000242	0.000047	0.000577	0.023843	0.000285	5	-28.1698	36.049015	24.716415	200.81125	0.107906	5.00E-04	0.035	0.121	0.567	24.22107	1.510773	0.065128	
ERR3587101	0.001148	0.000048	0.000998	0.00085	0.000034	0.000548	0.000807	0.00048	5	-6.6499	35.41223	27.067715	188.4359	5.064634	0.1715	4.821	0.56525	1.932	23.00702	1.607691	0.201192	0.0015
ERR3586900	0.001028	0.000063	0.000723	0.000267	0.000093	0.000382	0.000039	0.000166	380	-1.8902	34.747805	10.082375	2.43975	26.734022					26.748625	3.401892	0.007712	
ERR3586957	0.000612	0.001801	0.011263	0.000962	0.000274	0.044678	0.143139	0.002685	35	-33.9116	34.22887	15.376875	227.7609	2.295011	0.359	6.80275	1.08725	0.46	25.294705	3.63327	0.484784	0.7106
ERR3587061	0.000574	0.001811	0.010993	0.000916	0.000236	0.044793	0.138586	0.002516	35	-33.9116	34.22887	15.376875	227.7609	2.295011	0.359	6.80275	1.08725	0.46	25.294705	3.63327	0.484784	0.7106
ERR3587058	0.000742	0.002157	0.014609	0.004556	0.000329	0.113007	0.074655	0.00374	5	-34.161	34.3805	17.6085	229.394		0.069	0.559	0.724	0.432	24.8933		0.827608	
ERR3586954	0.000727	0.002196	0.015092	0.004477	0.000301	0.112922	0.076774	0.003759	5	-34.161	34.3805	17.6085	229.394		0.069	0.559	0.724	0.432	24.8933		0.827608	
ERR3587008	0.000724	0.000028	0.000819	0.001353	0.00006	0.001385	0.000401	0.001821	50	-1.9002	35.112815	22.039785	145.0818	10.202445	0.414	10.701	0.9295	5.407	24.318245	2.184041	0.282031	0.0291
ERR3586890	0.000547	0.000247	0.000722	0.000607	0.000168	0.000718	0.024063	0.000345	5	-29.7238	35.76868	23.84533	204.54175	0.149932	0		0.1575	0.5305	24.269535	1.521211	0.070669	
ERR3586956	0.000573	0.000505	0.003468	0.000827	0.000127	0.019351	0.088103	0.001557	5	-34.0614	34.31598	18.122955	243.0408	0	0.03975	0.2115	0.52125	0.1445	24.71804	2.590248	0.361109	0.0218
ERR3587062	0.000456	0.000185	0.000169	0.000266	0.00006	0.000656	0.028035	0.000185	5	-29.7238	35.76868	23.84533	204.54175	0.149932	0		0.1575	0.5305	24.269535	1.521211	0.070669	
ERR3587060	0.000533	0.000531	0.003584	0.000819	0.000101	0.018802	0.083736	0.001394	5	-34.0614	34.31598	18.122955	243.0408	0	0.03975	0.2115	0.52125	0.1445	24.71804	2.590248	0.361109	0.0218
ERR3587102	0.000574	0.000012	0.000235	0.001269	0.000038	0.000347	0.000452	0.001058	5	3.00E-04	35.129025	26.218438	180.67375	2.964091	0.2715	5.0815	0.53975	2.668	23.062688	1.682422	0.25349	0.0061
ERR3586953	0.000386	0.000092	0.000628	0.017797	0.000189	0.004646	0.224665	0.003302	5	-39.6466	33.866475	17.02685	234.16575		0.01	0.034	0.409	0.205	24.63845		0.95046	
ERR3586980	0.000528	0.000021	0.000264	0.001234	0.000036	0.000326	0.000182	0.001144	5	3.00E-04	35.129025	26.218438	180.67375	2.964091	0.2715	5.0815	0.53975	2.668	23.062688	1.682422	0.25349	0.0061
ERR3587057	0.000375	0.000107	0.000606	0.016852	0.00017	0.004246	0.211346	0.003086	5	-39.6466	33.866475	17.02685	234.16575		0.01	0.034	0.409	0.205	24.63845		0.95046	
ERR3587007	0.000393	0.000006	0.000348	0.001083	0.000101	0.001189	0.000387	0.001571	5	-2.0133	35.012435	23.88816	191.91255	8.074076	0.31925	8.287	0.77275	3.8635	23.68419	1.970432	0.246175	0.0125
ERR3587086	0.020617	0.000029	0.000355	0.004212	0.000919	0.000738	0.000142	0.02444	5	21.9467	38.9435	27.3097	183.589125	0.253501	0.003	0.006	0.04575	1.12025	25.59125	1.2825	0.150568	0.007
ERR3586962	0.018978	0.000025	0.000299	0.004296	0.000915	0.00064	0.000137	0.024386	5	21.9467	38.9435	27.3097	183.589125	0.253501	0.003	0.006	0.04575	1.12025	25.59125	1.2825	0.150568	0.007
ERR3586755	0.01987	0.000021	0.000212	0.001761	0.00006	0.00037	0.000185	0.000331	5	23.36	39.7709	25.811708	188.341917	0.279747	0.01075	0	0.00875	0.8775	26.698217	1.11375	0.085486	0.00435
ERR3586753	0.019621	0.000019	0.000212	0.001847	0.000025	0.00041	0.000175	0.000354	5	23.36	39.7709	25.811708	188.341917	0.279747	0.01075	0	0.00875	0.8775	26.698217	1.11375	0.085486	0.00435
ERR3586754	0.019678	0.000017	0.000265	0.001895	0.000054	0.000487	0.000161	0.000328	5	23.36	39.7709	25.811708	188.341917	0.279747	0.01075	0	0.00875	0.8775	26.698217	1.11375	0.085486	0.00435
ERR3586752	0.019329	0.000016	0.000218	0.001891	0.000029	0.000407	0.000215	0.000279	5	23.36	39.7709	25.811708	188.341917	0.279747	0.01075	0	0.00875	0.8775	26.698217	1.11375	0.085486	0.00435
ERR3587085	0.003564	0.000013	0.00029	0.001917	0.000049	0.00044	0.000174	0.000339	5	23.36	39.7709	25.811708	188.341917	0.279747	0.01075	0	0.00875	0.8775	26.698217	1.11375	0.085486	0.00435
ERR3587084	0.001536	0.000021	0.000159	0.002701	0.000064	0.000463	0.000238	0.000444	5	27.16	39.96035	25.0281	189.91675	0	0.00925	0.036	0.01225	0.8825	27.086225	1.054375	0.112855	0.00475
ERR3586961	0.001469	0.000016	0.000125	0.002904	0.000054	0.000471	0.000215	0.000466	5	27.16	39.96035	25.0281	189.91675	0	0.00925	0.036	0.01225	0.8825	27.086225	1.054375	0.112855	0.00475
ERR3587140	0.155364	0.002245	0.034823	0.000471	0.000332	0.004241	0.001497	0.000199	90	-62.2231	34.36258	-0.792395	326.6803	32.911358	0.06	31	2.309	81.82	27.6286	2.471241	0.289537	
ERR3587138	0.033817	0.003767	0.047612	0.000856	0.000573	0.031609	0.004039	0.000421	5	-60.2287	33.7198	1.9034	338.526	24.903191	0.266	25.3	1.723	16.55	26.9578	2.105012	0.207979	
ERR3587139	0.03388	0.00111	0.014866	0.000261	0.000278	0.004415	0.001808	0.00012	5	-62.0385	34.327465	0.73159	344.81235	29.73383	0.1055	28.64	2.1055	80.55	27.52175	2.220386	0.276495	0.02675
ERR3587191	0.028725	0.003723	0.046605	0.000958	0.00056	0.031358	0.003899	0.00046	5	-60.2287	33.7198	1.9034	338.526	24.903191	0.266	25.3	1.723	16.55	26.9578	2.105012	0.207979	
ERR3587192	0.02692	0.001174	0.014284	0.000234	0.000228	0.004372	0.001611	0.000113	5	-62.0385	34.327465	0.73159	344.81235	29.73383	0.1055	28.64	2.1055	80.55	27.52175	2.220386	0.276495	0.02675
ERR3587099	0.005139	0.008278	0.08068	0.007885	0.001635	0.003259	0.006046	0.000322	5	-63.4015	34.43205	-0.763425	335.243		0.145	27.68	2.135	48.17	27.683625		1.129302	
ERR3586977	0.004944	0.008336	0.077597	0.007579	0.001536	0.00317	0.005762	0.000227	5	-63.4015	34.43205	-0.763425	335.243		0.145	27.68	2.135	48.17	27.683625		1.129302	
ERR3587193	0.005194	0.002087	0.032945	0.000595	0.000356	0.004118	0.001422	0.000176	90	-62.2231	34.36258	-0.792395	326.6803	32.911358	0.06	31	2.309	81.82	27.6286	2.471241	0.289537	
ERR3587100	0.002155	0.002414	0.033544	0.002607	0.000418	0.032114	0.010499	0.000424	5	-57.7338	34.0449	5.8264	289.726		0.243	22.01	1.609	3.293	26.8197		1.063054	
ERR3586978	0.001893	0.002047	0.027184	0.002095	0.000408	0.030595	0.009366	0.000393	5	-57.7338	34.0449	5.8264	289.726		0.243	22.01	1.609	3.293	26.8197		1.063054	
ERR3586952	0.001422	0.007328	0.059029	0.020279	0.005669	0.003988	0.002321	0.000695	5	-63.8768	34.2014	-0.27325	392.56						27.474675		3.102138	
ERR3587000	0.001249	0.006256	0.051365	0.018498	0.005172	0.003684	0.002338	0.00052	5	-63.8768	34.2014	-0.27325	392.56						27.474675		3.102138	
ERR3587056	0.001355	0.006667	0.058209	0.019947	0.005347	0.003968	0.00226	0.000683	5	-63.8768	34.2014	-0.27325	392.56						27.474675		3.102138	
ERR3587054	0.001275	0.000146	0.002815	0.002071	0.001281	0.001605	0.000796	0.000256	5	-64.3595	33.254413	-0.494375	398.312125	19.563781	0.0705	17.32	1.553	64.01	26.718162	2.58757	0.219656	0.08405
ERR3586950	0.001134	0.000154	0.002682	0.001966	0.001185	0.001155	0.000731	0.000288	5	-64.3595	33.254413	-0.494375	398.312125	19.563781	0.0705	17.32	1.553	64.01	26.718162	2.58757	0.219656	0.08405
ERR3586999	0.001094	0.000148	0.002625	0.001843	0.00115	0.001827	0.000693	0.000262	5	-64.3595	33.254413	-0.494375	398.312125	19.563781	0.0705	17.32	1.553	64.01	26.718162	2.58757	0.219656	0.08405
ERR3586951	0.000385	0.002463	0.047971	0.00107	0.000785	0.003478	0.002066	0.0003	35	-64.3183	34.118125	-1.6387	319.747	29.241873	0.0575	30.125	2.4585	63.035	27.459625	2.624748	0.973888	0.049
ERR3587055	0.000353	0.002461	0.045083	0.001002	0.000625	0.003459	0.001972	0.000252	35	-64.3183	34.118125	-1.6387	319.747	29.241873	0.0575	30.125	2.4585	63.035	27.459625	2.624748	0.973888	0.049
