sample	CHUG	LE17	RCA23	HTCC2083	HTCC2150	HTCC2255	SB2	HIMB11	depth	latitude	salinity	temperature	oxygen	nitrate	nitrite	nitrate/nitrite	phosphate	silicate	Density	fCDOM	Chlorophyll a	TC
ERR315856	0.001535797	0.002080062	0.009274058	0.001102002	0.000687741	0.017239994	4.90E-01	6.84E-03	42	37.0541	37.1036	17.521075			0	0.028	0.0065	0.4985	27.003675		0.338691	0.0256
ERR315857	0.002383856	0.000618236	0.003873841	0.000529148	0.000569806	0.001943796	2.16E-01	2.01E-03	9	37.051	37.522	23.8141			0.0445	0.14325	0.0475	0.7935	25.61115		0.189348	0.00695
ERR315858	0.017892694	0.000847638	0.004601242	0.000495353	0.000755336	0.00134299	3.90E-01	4.74E-03	5	42.2038	38.22805	17.211742	221.782083		0.009125	0.040875	0.012	1.372375	27.9429	1.465	0.103935	
ERR315859	0.004625369	0.000773182	0.003416033	0.000439204	0.000533755	0.000992785	3.72E-01	1.24E-03	55	42.1735	38.47375	15.180558	224.264417		0.013	0.05	0.012	1.0505	28.613475	1.786458	0.136877	
ERR315860	0.00490448	0.000752154	0.003364575	0.000515365	0.000540127	0.001001325	3.74E-01	1.25E-03	55	42.1735	38.47375	15.180558	224.264417		0.013	0.05	0.012	1.0505	28.613475	1.786458	0.136877	
ERR315861	0.018447989	0.000845501	0.004647935	0.000523994	0.000792947	0.001517882	3.91E-01	4.91E-03	5	42.2038	38.22805	17.211742	221.782083		0.009125	0.040875	0.012	1.372375	27.9429	1.465	0.103935	
ERR315862	0.00029593	0.000157781	0.00084489	0.000242851	0.000226128	0.000807808	7.60E-02	3.38E-04	5	33.9179	39.42311	20.4425	207.61355	0.188705	0.00125	0.0455	0.00025	0.816	28.0195	1.1765	0.067706	0.005
ERR315863	0.001666392	0.000367425	0.003498008	0.000467345	0.000705738	0.001324931	1.43E-01	5.50E-04	5	33.9179	39.42311	20.4425	207.61355	0.188705	0.00125	0.0455	0.00025	0.816	28.0195	1.1765	0.067706	0.005
ERR318618	0.001017796	0.000227289	0.002239294	0.000416696	0.000581087	0.001121434	6.80E-02	2.65E-04	70	33.9235	39.23456	18.61621	218.75115	0.078824	0.005		0	0.6655	28.36135	1.34975	0.091071	0.00395
ERR318619	0.001681782	0.000764446	0.006166533	0.000560594	0.000917336	0.002514179	0.156609555	5.27E-04	70	33.9235	39.23456	18.61621	218.75115	0.078824	0.005		0	0.6655	28.36135	1.34975	0.091071	0.00395
ERR318620	0.000887587	0.000208217	0.001964204	0.000325472	0.000503132	0.001058851	6.14E-02	2.73E-04	70	33.9235	39.23456	18.61621	218.75115	0.078824	0.005		0	0.6655	28.36135	1.34975	0.091071	0.00395
ERR318621	0.001307059	0.000580915	0.006182596	0.001037348	0.001265565	0.001929468	0.159938357	0.000788385	70	33.9235	39.23456	18.61621	218.75115	0.078824	0.005		0	0.6655	28.36135	1.34975	0.091071	0.00395
ERR588857	0.00097147	8.74E-05	2.20E-03	0.000337792	0.000553958	0.000839624	8.17E-04	0.004687177	5	9.1504	35.384031	26.572419	190.378187	4.965553	0.1665	6.2015	0.63025	2.53325	23.143631	1.628674	0.261381	0.01184
ERR594288	0.001079194	0.000434232	0.002758649	0.00039033	0.000427447	0.001018529	2.34E-01	8.76E-04	9	39.1633	37.8042	24.4828							25.621		0.136232	3.00E-04
ERR594315	0.000798576	0.000148776	0.002647334	0.000483521	0.000339121	0.001168328	2.21E-02	5.54E-04	55	39.0609	37.68195	15.9708							27.81605		0.442902	0.0067
ERR594316	0.001100198	0.000408181	0.00273833	0.000410885	0.000346008	0.001027211	2.20E-01	8.41E-04	9	39.1633	37.8042	24.4828							25.621		0.136232	3.00E-04
ERR594317	0.001313765	0.000434268	0.002614881	0.000390419	0.000395479	0.001090307	2.21E-01	8.63E-04	9	39.1633	37.8042	24.4828							25.621		0.136232	3.00E-04
ERR594329	0.000652391	0.000182093	0.002441228	0.000395299	0.00030982	0.001098782	2.11E-02	5.43E-04	55	39.0609	37.68195	15.9708							27.81605		0.442902	0.0067
ERR598942	0.00047101	0.000779491	0.003058153	0.000596483	0.000298079	0.007415892	9.11E-02	6.01E-04	45	35.4002	33.208145	13.874505	236.1591	1.185394	0.06	0.92875	0.43225	2.65725	24.82737	2.683702	0.389715	0.03465
ERR598943	0.000633848	9.29E-05	2.54E-03	0.000517397	0.000309554	0.000871173	1.33E-03	1.44E-03	5	5.2529	34.764535	24.958885	204.421	13.010708	0.3285	12.8225	1.02575	5.04425	23.176695	2.076027	0.264409	0.00655
ERR598944	0.001869017	4.13E-05	1.25E-03	0.000718187	0.000226971	0.000563101	8.35E-05	6.02E-05	800	43.7182	35.570583	10.167675	174.851333	17.58633					27.385592	2.708962	0	
ERR598945	0.000817276	0.002073091	0.030845533	0.002317277	0.001985051	0.010978412	3.15E-03	6.50E-04	5	60.2287	33.7198	1.9034	338.526	24.903191	0.266	25.3	1.723	16.55	26.9578	2.105012	0.207979	
ERR598946	0.000451784	5.37E-05	1.35E-03	0.000261584	0.000261105	0.000468552	5.56E-05	9.92E-05	177	12.9794	34.82775	12.806365	3.4942	20.254424	0.131	23.251	2.68675	20.9015	26.3033	3.186315	0.019279	0
ERR598947	0.00394156	4.51E-05	1.28E-03	0.000262479	0.000207872	0.001013877	6.21E-04	4.19E-05	700	31.0198	34.50494	7.32145	194.4342	24.232124	0.003	22.08	1.529	12.08	26.992205	2.777603	0	0.0021
ERR598948	0.00046927	6.68E-05	1.75E-03	0.000297792	0.000329737	0.000755679	3.28E-04	2.37E-04	115	9.0063	36.101175	24.661385	178.3692	3.213808	0.092792	2.67775	0.582933	1.907042	24.2843	1.880646	0.199886	0.0028
ERR598949	0.000369621	4.51E-05	1.51E-03	0.000299303	0.000394863	0.000710393	4.26E-04	7.28E-04	25	19.0284	36.549506	25.607735	189.0233	0.672791	0.7	1.858	0.417	1.625	24.3126	1.61475	0.185922	0.0262
ERR598950	0.000842499	0.000284886	0.00281933	0.000470757	0.00046902	0.001462647	8.04E-02	9.57E-04	40	36.5533	36.5811	16.3584							26.8866		0.535777	
ERR598951	0.001250453	0.001103019	0.0035475	0.000615215	0.000651619	0.001343281	6.89E-01	2.59E-03	5	39.3888	38.185333	18.319192	217.809833		0.00425	0.03525	0.00525	1.0505	27.633617	1.465	0.104797	
ERR598952	0.000670864	0.000102603	0.002399325	0.000323593	0.000357794	0.000983934	1.24E-03	1.32E-03	30	2.0299	34.475915	26.019185	199.8303	4.369042	0.111	4.638	0.50475	3.225	22.63355	2.048813	0.329704	0.013
ERR598953	0.000426095	7.02E-05	1.37E-03	0.000270928	0.000254918	0.000467966	4.43E-05	1.08E-04	177	12.9794	34.82775	12.806365	3.4942	20.254424	0.131	23.251	2.68675	20.9015	26.3033	3.186315	0.019279	0
ERR598954	0.000356738	9.58E-05	2.02E-03	0.00024168	0.000459638	0.000720593	4.54E-03	2.81E-04	5	23.2811	36.43917	24.26287	201.6702	0.167491	0.0075	0.02525	0.14225	0.7425	24.65312	1.496493	0.055382	0
ERR598955	0.000840714	0.000558438	0.002900888	0.000403543	0.000418149	0.001242558	2.67E-01	7.61E-04	9	36.5533	36.599199	20.238088							25.909909		0.180403	
ERR598956	0.000630097	6.79E-05	1.53E-03	0.000214327	0.000302165	0.000653521	1.10E-04	4.60E-04	150	8.9109	35.877315	21.97372	158.18405	5.004597	1.46875	5.44175	0.6607	1.18375	24.895825	1.955839	0	0.000925
ERR598957	0.001069738	5.70E-05	1.59E-03	0.000178339	0.000367898	0.000636587	2.92E-04	1.46E-04	155	23.2189	35.90434	21.94937	206.4346	0.423501	0.014	0.04175	0.1145	0.6935	24.927695	1.745449	0.145434	0.0011
ERR598958	0.001352928	5.30E-05	1.05E-03	0.000189085	0.000230789	0.000442494	6.33E-05	5.48E-05	250	34.1504	36.565812	18.129194	192.246187	3.578039	0.0305	4.1285	0.179	1.6225	26.450856	2.077387	0	
ERR598959	0.000666215	0.000179138	0.002004567	0.000344951	0.000395288	0.000981557	5.71E-04	1.20E-03	5	18.3967	38.64	27.635025	183.84625	0	0.011	0.029	0.144	2.6405	25.2559	1.35125	0.137257	0.0332
ERR598960	0.003636613	4.67E-05	1.06E-03	0.000172136	0.000172136	0.000475108	5.42E-05	5.64E-05	850	35.1889	34.630583	8.33035	199.726						26.947583	1.5575	0	
ERR598961	0.000574443	6.54E-05	2.11E-03	0.000229405	0.000457881	0.000813769	6.12E-04	4.75E-04	90	16.9587	35.69581	19.783275	208.54895	0.85366	0.203	1.2215	0.443	0.9285	25.354365	2.047239	0.207911	0.0035
ERR598962	0.000528409	0.000211819	0.002254847	0.000854109	0.000273315	0.001163866	2.41E-03	9.70E-04	40	5.2669	34.884385	19.781235	104.9968	18.72477	1.202	24.3645	1.8615	10.5045	24.729155	2.896974	0.365239	0.018
ERR598963	0.000408165	8.27E-05	1.76E-03	0.000238349	0.000474336	0.000837937	3.66E-04	4.63E-04	5	34.1132	36.41274	18.82554	220.9492	0.808032					26.146925	1.734471	0.156401	
ERR598964	0.002118081	4.86E-05	1.11E-03	0.00019625	0.00020067	0.00047427	6.67E-05	5.30E-05	740	34.0771	35.369805	10.496305	152.7195	20.172519	0.00725	20.924	1.34475		27.170345	2.634028	0.00482	
ERR598965	0.000898214	0.004036229	0.016067777	0.002074752	0.000742199	0.105405476	1.74E-01	1.27E-03	35	33.9116	34.22887	15.376875	227.7609	2.295011	0.359	6.80275	1.08725	0.46	25.294705	3.63327	0.484784	0.7106
ERR598966	0.000989193	0.00022493	0.002125026	0.000325589	0.000345472	0.000864923	3.57E-03	4.25E-02	5	20.8183	36.525962	25.681369	209.807083	1.545287	0.0455	0.1415	0.3575	1.143	24.284594	1.374375	0.205491	0.0169
ERR598967	0.000479039	0.000238738	0.002641123	0.000342171	0.000556223	0.001196505	2.21E-02	2.65E-04	5	29.7238	35.76868	23.84533	204.54175	0.149932	0		0.1575	0.5305	24.269535	1.521211	0.070669	
ERR598968	0.000562249	6.47E-05	1.82E-03	0.000227513	0.000481832	0.000782725	2.12E-04	2.71E-04	5	34.6712	36.513137	19.312775	213.9635	1.279722	0.2225	0.7375		0.944	26.097587	1.78383	0.126112	
ERR598969	0.000548862	6.74E-05	2.34E-03	0.000283097	0.000421757	0.000889734	7.36E-04	6.88E-04	5	27.16	39.96035	25.0281	189.91675	0	0.00925	0.036	0.01225	0.8825	27.086225	1.054375	0.112855	0.00475
ERR598970	0.000758025	7.23E-05	1.69E-03	0.000229903	0.000338943	0.000648985	3.18E-04	7.29E-04	5	29.5019	35.32467	22.2414	210.2395	0	0.004	0	0.084	1.7665	24.39702	1.057375	0.136664	0.0103
ERR598971	0.001905213	4.94E-05	1.55E-03	0.000359611	0.000253181	0.00059463	8.17E-05	1.01E-04	380	2.0649	34.791419	11.142362	2.264562	33.049074					26.595869	3.300821	0	
ERR598972	0.000484425	0.000115339	0.003040629	0.000301324	0.000692035	0.000638691	4.11E-04	1.08E-03	65	29.5333	35.346195	22.215305	207.9566	0	0.00875		0.08325	1.7355	24.424005	1.06475	0.121203	0.02
ERR598973	0.000313331	0.000100656	0.001758227	0.000295473	0.000284109	0.001858883	2.46E-03	6.67E-04	5	34.9449	35.3233	15.013362	239.93725	2.426286	0.3025	3.34	0.343	2.7435	26.2141	1.258125	0.221666	0.0302
ERR598974	0.000588425	0.000193874	0.001972755	0.000302716	0.000333328	0.000884339	1.88E-03	3.60E-02	17	20.8222	36.535819	25.329231	206.568833	1.457658	0.277	1.115	0.431	1.4395	24.403813	1.606875	0.24107	0.03175
ERR598975	0.000568902	5.23E-05	1.12E-03	0.000156884	0.000247211	0.000511854	1.25E-04	9.19E-05	60	18.4417	38.895025	27.558763	175.509	0	0.269	0.635	0.0885	1.3525	25.47435	1.42	0.14795	0.0312
ERR598976	0.000407773	8.58E-05	1.99E-03	0.000293459	0.000350773	0.000856261	6.56E-04	6.87E-04	5	36.1715	36.229605	17.303005	232.28725	0.296016	0.019		0.0125	0.6545	26.38564	1.76176	0.111686	
ERR598977	0.000362825	5.96E-05	1.36E-03	0.000141382	0.000277655	0.000626852	2.64E-04	3.65E-04	60	14.5536	36.503531	27.374181	164.440063	0	0.2375	7.847	0.846	3.5765	23.734719	1.377813	0.166581	0.01485
ERR598978	0.000597947	0.000102231	0.002396377	0.00049196	0.000276649	0.00082202	1.24E-03	1.30E-03	5	5.2529	34.764535	24.958885	204.421	13.010708	0.3285	12.8225	1.02575	5.04425	23.176695	2.076027	0.264409	0.00655
ERR598979	0.000386347	7.08E-05	1.70E-03	0.000229261	0.00040899	0.000826471	3.57E-04	1.10E-03	5	35.1728	35.449638	21.76357	207.5812						24.629613	1.197	0.176479	
ERR598980	0.00050812	4.98E-05	1.12E-03	0.000199926	0.000183908	0.000532443	1.09E-04	5.22E-05	550	31.528	33.991383	6.634392	131.979417	28.302949					26.6805	3.06763	0	0
ERR598981	0.0003867	6.20E-05	1.46E-03	0.000277631	0.000265237	0.000520558	5.21E-05	8.18E-05	177	12.9794	34.82775	12.806365	3.4942	20.254424	0.131	23.251	2.68675	20.9015	26.3033	3.186315	0.019279	0
ERR598982	0.000634053	0.000115282	0.002003031	0.000328234	0.000323431	0.001790079	2.44E-03	6.28E-04	30	34.8901	35.32305	15.014	239.791063	2.739389	0.284	3.309875	0.34975	2.5895	26.21755	1.2525	0.221666	0.0296
ERR598983	0.000349007	0.001050649	0.006086838	0.000382984	0.000296887	0.004103305	2.48E-02	3.37E-04	5	39.2305	35.12152	13.993715	236.78925	5.013141	0.093	3.7925	0.33275	2.41425	26.282555	2.515102	0.169817	0.10205
ERR598984	0.000294242	5.13E-05	1.22E-03	0.000254666	0.000224725	0.000575406	2.61E-04	2.69E-04	5	8.7789	36.41678	25.064425	199.135	0.416799	0.003	0.018	0.104	0.868	24.393095	1.77348	0.104143	0.0018
ERR598985	0.013666411	4.23E-05	1.45E-03	0.000373023	0.000188416	0.000581874	9.11E-05	7.03E-05	640	25.6236	35.165212	9.735075	108.231313	31.001404	0		1.2175	8.624	27.13905	2.638681	0	0
ERR598986	0.000546801	9.42E-05	1.84E-03	0.000240877	0.000317443	0.000827317	5.54E-04	4.99E-04	80	36.1811	36.182395	16.74703	228.11655	1.005795	0.0415	0.142	0.022	0.6335	26.48531	1.900875	0.16463	
ERR598987	0.00039621	7.55E-05	1.25E-03	0.000256781	0.00032301	0.000433391	5.69E-05	1.71E-04	40	14.2075	34.366025	20.58574	123.201	7.312792	0.3055	6.0475	0.884	4.661	24.14088	2.394612	0.366719	0.0228
ERR598988	0.00058525	7.58E-05	1.93E-03	0.000300786	0.000377731	0.000875544	6.40E-04	3.07E-03	120	9.0714	35.907345	24.81397	172.42475	4.148328	0.3535	1.19925	0.4885	1.469	24.092785	1.908626	0.077051	0.00185
ERR598989	0.000495591	0.000105404	0.002250638	0.000299069	0.000341612	0.000789263	7.78E-04	9.26E-04	5	14.2035	33.84798	26.478605	195.77195	3.740793	0.067	2.444	0.456	2.538	22.01524	1.755806	0.251665	0.0081
ERR598990	0.000799088	8.29E-05	2.14E-03	0.000298492	0.000556563	0.001098616	4.80E-04	1.85E-03	30	35.2421	35.451512	21.72823	207.48285						24.64465	1.20625	0.177651	
ERR598991	0.000603012	0.00017502	0.001923018	0.000315478	0.00039637	0.000893487	5.67E-04	1.13E-03	5	18.3967	38.64	27.635025	183.84625	0	0.011	0.029	0.144	2.6405	25.2559	1.35125	0.137257	0.0332
ERR598992	0.000527297	8.90E-05	2.22E-03	0.0002559	0.000423586	0.000820947	6.59E-04	7.20E-04	5	8.9971	35.37032	26.60467	187.07695	5.660372	0.11925	5.456	0.56795	2.1905	23.122935	1.574452	0.177137	0.0041
ERR598993	0.000542543	0.000222865	0.002127288	0.000325201	0.000373932	0.000997694	4.23E-02	3.72E-04	5	35.759	37.89575	21.48665	208.245		0.01833	0.118	0.0256	0.5571	26.565263	1.091875	0.013344	0.0103
ERR598994	0.001157651	0.042442008	0.12899803	0.026565044	0.002350726	1.511189413	1.45E+00	0.001034376	5	32.2401	34.870735	13.04322	252.63145	1.264607					26.28407	4.093218	0.765222	2.1997
ERR598995	0.000283607	4.71E-05	9.98E-04	0.000129914	0.00021477	0.000460079	1.45E-04	1.37E-04	115	31.5168	34.39568	15.321075	222.94125	0	0.017	0.047	0.1252	4.4468	25.4389	1.910665	0.158691	0.0099
ERR598996	0.000394584	0.000101945	0.001821156	0.000265915	0.00041174	0.000758155	3.71E-04	4.36E-04	40	35.8427	36.285033	17.585567	229.097917	0.61356	0.04	0.1745	0	0.8423	26.360683	1.79022	0.21402	
ERR598997	0.000752114	0.000108027	0.002666029	0.000434147	0.00043007	0.001008933	1.13E-03	1.56E-03	5	1.9928	33.472445	27.497475	199.6911	1.673601	0.0455	0.8935	0.2865	1.7085	21.408655	1.900753	0.272009	0.004
ERR598998	0.000512803	6.47E-05	1.62E-03	0.000191702	0.000373819	0.000715289	1.22E-04	5.30E-04	150	8.9109	35.877315	21.97372	158.18405	5.004597	1.46875	5.44175	0.6607	1.18375	24.895825	1.955839	0	0.000925
ERR598999	0.001009581	4.62E-05	1.21E-03	0.000245909	0.00021094	0.000423009	2.00E-04	1.87E-04	600	8.9729	34.5789	7.133995	40.6107	41.697487					27.07634	3.112808	0	
ERR599000	0.001190141	3.73E-05	1.04E-03	0.000257584	0.000163601	0.000431311	8.45E-05	6.93E-05	800	20.9315	34.369569	4.664275	191.413187	33.940795					27.220344	2.821232	0	0
ERR599001	0.000533743	0.000145456	0.002173982	0.000898442	0.000394637	0.001028173	2.59E-03	5.75E-04	25	43.7056	35.992515	14.29128	241.1573	3.283695	0.3195	2.2565	0.167	1.255	26.89311	1.948381	0.119381	
ERR599002	0.00047826	7.35E-05	1.98E-03	0.000263868	0.000404047	0.000849683	4.11E-04	5.98E-04	75	16.9534	34.896833	25.212642	194.81775	0.532471	0.032	0.4675	0.159	2.824	23.203642	1.180417	0.228414	0.0091
ERR599003	0.001030943	0.00070149	0.003092829	0.000389965	0.000407895	0.001219202	2.88E-01	8.67E-04	9	36.5533	36.599199	20.238088							25.909909		0.180403	
ERR599004	0.0005073	6.05E-05	9.84E-04	0.000235251	0.00015771	0.000410046	6.57E-05	1.43E-04	450	6.3559	34.608919	8.149894	1.013313	36.753654	0.0078	36.219	3.155	52.9225	26.951444	3.439414	0	0.0018
ERR599005	0.000511743	6.76E-05	1.32E-03	0.000216041	0.000259377	0.00059013	1.91E-04	1.83E-04	800	8.7986	34.476312	4.641719	143.273625	37.560305	0.007	36.98	2.618	34.44	27.30785	3.226745	0	0
ERR599006	0.000400343	6.80E-05	1.69E-03	0.000292864	0.000342469	0.000905302	7.84E-04	4.83E-04	5	30.1367	36.32553	20.07775	221.13845	0.025333	0	0.026	0	0.749	25.754115	1.674628	0.066207	0.0054
ERR599007	0.000444983	0.000216734	0.002110997	0.000797844	0.000262795	0.001014578	2.29E-03	9.59E-04	40	5.2669	34.884385	19.781235	104.9968	18.72477	1.202	24.3645	1.8615	10.5045	24.729155	2.896974	0.365239	0.018
ERR599008	0.005867096	3.45E-05	1.29E-03	0.000175058	0.000190215	0.000471368	7.35E-05	4.21E-05	790	61.9689	34.6802	0.456763	203.7715	38.920763	0.018	36.37	2.614	83.35	27.8267	3.420786	0	
ERR599009	0.000742437	0.00476042	0.029199842	0.006942157	0.001600283	1.994387497	3.01E-03	4.28E-04	5	47.1863	34.05025	7.579417	303.147667	18.434187	0.146	18.005	1.302	1.945	26.589567	2.128396	0.426587	
ERR599010	0.000432586	7.37E-05	1.13E-03	0.000228177	0.000268584	0.000499138	1.67E-03	3.21E-04	5	20.9354	37.076575	23.374825	206.23185	0.185971	0.001404	0	0.055883	0.814172	25.40018	1.636802	0.055113	0.0019
ERR599011	0.000445093	7.51E-05	1.81E-03	0.000265311	0.000425893	0.000876223	3.54E-04	5.97E-04	5	14.6059	36.0499	29.151544	187.306625	0	0.007	0.057	0.1565	1.3865	22.799819	0.965625	0.092377	0.001
ERR599012	0.000323179	5.98E-05	1.82E-03	0.000224208	0.000352109	0.000688991	2.97E-04	4.96E-03	5	22.3368												
ERR599013	0.000281677	5.83E-05	1.27E-03	0.000130779	0.00025351	0.000597559	1.97E-04	2.49E-04	80	5.9998	35.044342	27.9561	137.998083	0	0.152	0.741	0.2505	2.7335	22.474092	1.42	0.228999	0.0036
ERR599014	0.000496599	7.94E-05	1.96E-03	0.000238044	0.000309977	0.000725976	8.92E-04	9.77E-04	50	1.9002	35.112815	22.039785	145.0818	10.202445	0.414	10.701	0.9295	5.407	24.318245	2.184041	0.282031	0.0291
ERR599015	0.000497629	6.58E-05	1.07E-03	0.000214226	0.000219805	0.000423989	6.36E-05	1.84E-04	375	14.2025	34.5882	8.887131	0.832313	35.049476	0.0093	34.551	2.9545	46.6245	26.820475	3.389521	0	0
ERR599016	0.000563152	7.49E-05	2.14E-03	0.000280796	0.000452394	0.000886068	4.07E-04	6.05E-04	75	16.9534	34.896833	25.212642	194.81775	0.532471	0.032	0.4675	0.159	2.824	23.203642	1.180417	0.228414	0.0091
ERR599017	0.000319835	6.42E-05	1.45E-03	0.000305106	0.000288272	0.000846931	5.69E-04	2.77E-04	50	31.027	35.68407	16.74878	231.9774	0.904785	0.285	1.08	0.227	2.436	26.101325	2.011787	0.325714	0.0183
ERR599018	0.00082159	0.000112139	0.002137506	0.00034786	0.000551541	0.001045868	5.52E-04	1.95E-03	30	35.2421	35.451512	21.72823	207.48285						24.64465	1.20625	0.177651	
ERR599019	0.000515252	6.66E-05	2.20E-03	0.000290925	0.000585355	0.001163699	4.10E-04	4.40E-04	5	9.3921	34.184183	29.818108	187.35	0	0.0055	0.07475	0.0825	2.22425	21.176983	0.84	0.077086	7.00E-04
ERR599020	0.0011277	5.97E-05	1.52E-03	0.000466867	0.000247507	0.000529279	4.09E-04	4.79E-04	380	1.8902	34.747805	10.082375	2.43975	26.734022					26.748625	3.401892	0.007712	
ERR599021	0.001581213	3.99E-05	1.19E-03	0.0002049	0.000170106	0.000452327	5.41E-05	4.90E-05	1000	29.5046	34.572658	7.552017	190.888667						27.0189	1.5975	0	
ERR599022	0.000464155	7.66E-05	1.72E-03	0.000266144	0.000344923	0.000843145	9.50E-04	5.45E-04	5	30.1367	36.32553	20.07775	221.13845	0.025333	0	0.026	0	0.749	25.754115	1.674628	0.066207	0.0054
ERR599023	0.000522809	9.40E-05	2.77E-03	0.000338041	0.000644063	0.000681332	4.02E-04	1.05E-03	65	29.5333	35.346195	22.215305	207.9566	0	0.00875		0.08325	1.7355	24.424005	1.06475	0.121203	0.02
ERR599024	0.000363259	0.000239236	0.002276806	0.000323273	0.000481521	0.000886799	1.42E-02	2.73E-04	5	21.146	36.1376	23.88925	203.37975	0	0.006	0.0315	0.2975	0.558	24.5391	1.490169	0.091415	3.00E-04
ERR599025	0.000534466	0.000101873	0.002961711	0.00030562	0.000671774	0.00061567	4.58E-04	1.07E-03	65	29.5333	35.346195	22.215305	207.9566	0	0.00875		0.08325	1.7355	24.424005	1.06475	0.121203	0.02
ERR599026	0.000308584	5.86E-05	1.81E-03	0.000240568	0.000315285	0.000705957	2.65E-04	1.97E-03	66	17.2855	35.162694	25.113925	181.101938	0.820273	0.025376	0.063072	0	2.513803	23.430525	1.135	0.197343	0.016
ERR599027	0.000626356	0.004387546	0.029081244	0.005495127	0.001733936	1.828959083	2.37E-03	3.88E-04	40	47.2007	34.05055	7.154875	306.1555	18.047311	0.1185	18.525	1.356	2.661	26.649733	2.133364	0.507313	
ERR599028	0.000518971	0.000186873	0.001980275	0.000333547	0.000365417	0.000880766	1.86E-03	3.64E-02	17	20.8222	36.535819	25.329231	206.568833	1.457658	0.277	1.115	0.431	1.4395	24.403813	1.606875	0.24107	0.03175
ERR599029	0.001400905	0.000165147	0.002268515	0.000325605	0.00053497	0.000830762	1.46E-03	5.89E-02	5	9.8481	34.80515	27.1673	195.502875	0	0.00205	5.00E-04	0.0132	1.1195	22.518037	1.82175	0.094165	
ERR599030	0.000440065	6.70E-05	2.08E-03	0.000222042	0.000406574	0.000757555	3.47E-04	4.68E-04	5	6.3332	33.52041	26.605515	196.2029	0.803918	0.003	0.002	0.1575	1.1855	21.72899	1.444322	0.125361	0.0032
ERR599031	0.000463645	4.30E-05	8.69E-04	0.000172155	0.000129116	0.000358005	1.08E-04	1.80E-04	600	20.8457	35.672725	11.984006	2.81625	31.290804					27.130513	2.6925	0.008026	0
ERR599032	0.000784017	7.89E-05	1.93E-03	0.00026109	0.000313457	0.000724168	7.67E-04	8.85E-04	40	0.0222	35.146525	26.139288	177.673063	3.000673	0.2835	5.264	0.54925	2.7405	23.1032	1.708381	0.28262	0.0082
ERR599033	0.001023121	4.64E-05	1.25E-03	0.000240801	0.000231757	0.000427337	1.90E-04	1.80E-04	600	8.9729	34.5789	7.133995	40.6107	41.697487					27.07634	3.112808	0	
ERR599034	0.003508474	4.14E-05	1.07E-03	0.000199623	0.000154426	0.000506591	6.40E-05	5.84E-05	850	35.1889	34.630583	8.33035	199.726						26.947583	1.5575	0	
ERR599035	0.000720314	0.004938029	0.030218828	0.007205355	0.001585799	1.944030683	3.00E-03	4.47E-04	5	47.1863	34.05025	7.579417	303.147667	18.434187	0.146	18.005	1.302	1.945	26.589567	2.128396	0.426587	
ERR599036	0.00065304	0.000104003	0.002544435	0.000304752	0.00047043	0.000857417	8.68E-04	2.17E-03	5	9.1504	35.384031	26.572419	190.378187	4.965553	0.1665	6.2015	0.63025	2.53325	23.143631	1.628674	0.261381	0.01184
ERR599037	0.001165772	2.48E-05	1.33E-03	0.000240799	0.000133777	0.000404517	1.13E-04	1.50E-04	270	18.7341	35.907681	15.553795	3.12405	18.560166	2.074	21.22	2.64	38.62	26.565675	2.75675	0.007712	0
ERR599038	0.000693837	7.81E-05	2.09E-03	0.000275775	0.000360854	0.000789185	9.15E-04	1.00E-03	5	3.00E-04	35.129025	26.218438	180.67375	2.964091	0.2715	5.0815	0.53975	2.668	23.062688	1.682422	0.25349	0.0061
ERR599039	0.000682923	0.000100736	0.002408988	0.000317146	0.00035223	0.000784701	1.36E-03	1.49E-03	5	2.0133	35.012435	23.88816	191.91255	8.074076	0.31925	8.287	0.77275	3.8635	23.68419	1.970432	0.246175	0.0125
ERR599040	0.000447063	5.04E-05	9.17E-04	0.000130131	0.000180504	0.000363108	1.99E-04	1.13E-04	150	21.0292	36.61951	21.16596	200.32465	0.218613	0.047654	0	0.051522	0.712116	25.68731	1.931379	0.103558	0.00245
ERR599041	0.000213148	6.22E-05	1.30E-03	0.000203931	0.000248865	0.000531143	0.000260387	2.33E-04	5	23.36	39.7709	25.811708	188.341917	0.279747	0.01075	0	0.00875	0.8775	26.698217	1.11375	0.085486	0.00435
ERR599042	0.000354903	6.17E-05	1.76E-03	0.000206913	0.000480969	0.000746804	2.33E-04	1.16E-04	188	25.826	35.86191	20.2127	208.821	0					25.37245	1.795236	0.115489	
ERR599043	0.001082847	0.001085635	0.003382385	0.000516172	0.00060943	0.00129229	6.27E-01	2.52E-03	5	39.3888	38.185333	18.319192	217.809833		0.00425	0.03525	0.00525	1.0505	27.633617	1.465	0.104797	
ERR599044	0.006397545	0.000123859	0.00179264	0.000405123	0.000296377	0.000673853	1.18E-04	1.00E-04	800	20.4075	34.446963	4.188237	161.92525	36.675625	0.01	36.73	2.522	44.86	27.333325	3.251941	0	
ERR599045	0.000455299	6.55E-05	1.90E-03	0.000305257	0.000370792	0.000984755	3.35E-04	4.26E-04	5	0.0033	35.0481	30.59345	186.0215	1.826529					21.558975	0.915	0.058503	
ERR599046	0.000604527	7.98E-05	1.63E-03	0.000223561	0.000328497	0.000800713	3.49E-04	3.79E-04	120	30.1484	36.27746	19.32335	216.6547	0.085111	0.053	0.104	0	0.319	25.920365	1.943116	0.16855	0.0064
ERR599047	0.002440865	5.17E-05	1.18E-03	0.000187505	0.000210255	0.000455736	8.73E-05	5.91E-05	640	34.6663	35.36729	10.6855	137.3344	21.943329	0	20.025	1.3135	13.2415	27.13082	2.690263	0.007712	
ERR599048	0.000555307	7.84E-05	1.26E-03	0.000225159	0.000266902	0.000723544	1.99E-04	1.64E-04	800	8.7986	34.476312	4.641719	143.273625	37.560305	0.007	36.98	2.618	34.44	27.30785	3.226745	0	0
ERR599049	0.000647541	0.000143255	0.00206345	0.00030098	0.000452917	0.000933328	6.35E-04	7.60E-03	5	21.9467	38.9435	27.3097	183.589125	0.253501	0.003	0.006	0.04575	1.12025	25.59125	1.2825	0.150568	0.007
ERR599050	0.000618046	0.000396712	0.00299335	0.000433725	0.000473223	0.001204047	4.77E-03	1.19E-03	5	32.7971	34.682538	21.121575	219.015	0	0.001	0.029	0.2425	0.103	24.219275	1.669572	0.147303	0.0013
ERR599051	0.000535455	4.93E-05	9.52E-04	0.000243742	0.000171138	0.000457665	6.22E-05	1.30E-04	450	6.3559	34.608919	8.149894	1.013313	36.753654	0.0078	36.219	3.155	52.9225	26.951444	3.439414	0	0.0018
ERR599052	0.000585996	0.001179147	0.002984449	0.000544683	0.00042813	0.001218152	3.34E-01	6.64E-04	5	35.3671	33.07013	19.24802	223.159	0	0.002	0.011	0.2925	1.95475	23.48431	1.791365	0.140785	0.00805
ERR599053	0.000315973	4.41E-05	1.30E-03	0.000167831	0.000249403	0.000630383	2.65E-04	3.20E-04	60	14.5536	36.503531	27.374181	164.440063	0	0.2375	7.847	0.846	3.5765	23.734719	1.377813	0.166581	0.01485
ERR599054	0.000460748	5.68E-05	2.04E-03	0.000266076	0.0003389	0.000801779	3.16E-04	4.31E-04	5	0.0033	35.0481	30.59345	186.0215	1.826529					21.558975	0.915	0.058503	
ERR599055	0.002174025	3.29E-05	1.17E-03	0.000455958	0.000190374	0.000385449	5.41E-05	5.41E-05	480	5.261	34.692094	9.137438	5.148	40.112735	0.014	39.1775	2.853	40.579	26.863531	3.478053	0	0
ERR599056	0.000303018	0.000101006	0.001604874	0.000306759	0.000278702	0.00081366	5.65E-04	3.76E-04	50	31.027	35.68407	16.74878	231.9774	0.904785	0.285	1.08	0.227	2.436	26.101325	2.011787	0.325714	0.0183
ERR599057	0.000343325	5.39E-05	1.92E-03	0.000238283	0.000363064	0.000792044	3.32E-04	1.51E-03	5	15.3424	35.0302	27.296125	193.165	2.149334	0.016042	0	0	2.812112	22.646025	0.90125	0.098701	
ERR599058	0.000456999	7.96E-05	2.23E-03	0.000325554	0.000441874	0.000881588	4.45E-04	7.25E-03	5	17.0248	35.124517	26.553475	194.060917						22.953567	0.931875	0.140592	
ERR599059	0.000845618	0.001948917	0.030252818	0.002300481	0.002024822	0.010570225	3.12E-03	6.16E-04	5	60.2287	33.7198	1.9034	338.526	24.903191	0.266	25.3	1.723	16.55	26.9578	2.105012	0.207979	
ERR599060	0.000487425	5.32E-05	8.92E-04	0.000216489	0.000208711	0.000455017	5.57E-05	1.45E-04	450	6.3559	34.608919	8.149894	1.013313	36.753654	0.0078	36.219	3.155	52.9225	26.951444	3.439414	0	0.0018
ERR599061	0.000390024	9.15E-05	1.54E-03	0.000220881	0.000272619	0.000766119	4.46E-04	3.04E-04	80	23.4183	40.187042	26.12925	181.501	0.47262	0.01		0.025	0.85	26.917092	1.2725	0.1566	0.0082
ERR599062	0.000461656	3.66E-05	8.33E-04	0.000159804	0.000125357	0.000401641	9.48E-05	1.76E-04	600	20.8457	35.672725	11.984006	2.81625	31.290804					27.130513	2.6925	0.008026	0
ERR599063	0.000672483	9.77E-05	2.55E-03	0.000321815	0.000441664	0.001000956	0.001941989	1.70E-03	5	13.0023	35.82876	25.349495	201.0109	5.005302	0.137	6.1625	0.67725	1.15025	23.86109	1.77889	0.227673	0.0066
ERR599064	0.000420496	0.001355951	0.005225312	0.000798743	0.000372269	0.054091747	1.14E-01	6.18E-04	5	34.0614	34.31598	18.122955	243.0408	0	0.03975	0.2115	0.52125	0.1445	24.71804	2.590248	0.361109	0.0218
ERR599065	0.000675963	0.000109798	0.002488938	0.000358016	0.000359056	0.000901284	1.22E-03	1.43E-03	30	2.0299	34.475915	26.019185	199.8303	4.369042	0.111	4.638	0.50475	3.225	22.63355	2.048813	0.329704	0.013
ERR599066	0.000593287	0.00010159	0.00237315	0.000334571	0.000457834	0.00087774	6.87E-04	1.05E-03	5	8.9111	35.42651	26.80604	187.3321	5.460123	0.1945	3.7335	0.55725	1.80475	23.10143	1.645425	0.178072	0.0029
ERR599067	0.001934111	3.82E-05	1.54E-03	0.000322641	0.000270602	0.000631405	7.46E-05	8.67E-05	380	2.0649	34.791419	11.142362	2.264562	33.049074					26.595869	3.300821	0	
ERR599068	0.000328082	0.000131566	0.001805282	0.000306432	0.000241481	0.001993471	2.73E-03	7.66E-04	5	34.9449	35.3233	15.013362	239.93725	2.426286	0.3025	3.34	0.343	2.7435	26.2141	1.258125	0.221666	0.0302
ERR599069	0.000694552	8.61E-05	2.42E-03	0.000280651	0.000505879	0.000779455	8.11E-04	2.09E-03	5	9.1504	35.384031	26.572419	190.378187	4.965553	0.1665	6.2015	0.63025	2.53325	23.143631	1.628674	0.261381	0.01184
ERR599070	0.000425166	6.89E-05	1.34E-03	0.000265441	0.00029302	0.000450446	7.01E-05	1.56E-04	40	14.2075	34.366025	20.58574	123.201	7.312792	0.3055	6.0475	0.884	4.661	24.14088	2.394612	0.366719	0.0228
ERR599071	0.000675974	4.12E-05	9.73E-04	0.000151072	0.000155092	0.000428094	7.60E-05	3.65E-05	488	25.8076	34.3655	7.96837	154.6701	24.271551	0	27.2885	2.023	12.05	26.78725	2.58324	0	0
ERR599072	0.007968139	3.50E-05	1.17E-03	0.000188822	0.000202602	0.000411535	9.01E-05	5.77E-05	696	23.2232	34.306075	5.749106	200.470625	28.329562					27.043012	2.439793	0	0
ERR599073	0.00060389	0.000207186	0.002103979	0.000305157	0.000417584	0.001018262	4.12E-02	3.93E-04	60	35.7528	37.84945	18.30575	238.694625		0.0263	0.038	0.0131	0.58135	27.375	1.375	0.076875	0.0118
ERR599074	0.000422181	6.25E-05	1.79E-03	0.000234257	0.000335023	0.000838206	3.34E-04	4.63E-04	5	14.6059	36.0499	29.151544	187.306625	0	0.007	0.057	0.1565	1.3865	22.799819	0.965625	0.092377	0.001
ERR599075	0.000376178	5.95E-05	1.85E-03	0.000277358	0.000372872	0.000883504	3.13E-04	5.79E-04	5	6.0001	34.56775	30.12785	188.79575	0	0.001	0.022	0.0765	2.171	21.358942	0.966875	0.080016	0.00085
ERR599076	0.000480548	6.91E-05	9.78E-04	0.000251981	0.000181739	0.000380202	6.02E-05	2.15E-04	375	14.2025	34.5882	8.887131	0.832313	35.049476	0.0093	34.551	2.9545	46.6245	26.820475	3.389521	0	0
ERR599077	0.00053972	8.74E-05	2.22E-03	0.000279707	0.000360326	0.000809888	1.63E-03	1.07E-03	5	16.9601	35.98269	22.78183	209.1003	3.149999	0.0415	2.676	0.5	1.0325	24.742485	1.775215	0.154999	0.0027
ERR599078	0.000465691	0.000180793	0.002444008	0.00161222	0.000375467	0.001069839	3.86E-03	6.56E-04	5	43.6792	35.99167	14.31675	242.8405	3.209219	0.3105	2.159	0.1595	1.236	26.88634	1.931107	0.191493	
ERR599079	0.000286413	4.17E-05	1.64E-03	0.000171014	0.000442829	0.000793198	2.02E-04	9.87E-05	188	25.826	35.86191	20.2127	208.821	0					25.37245	1.795236	0.115489	
ERR599080	0.000727206	9.32E-05	2.44E-03	0.000304918	0.000473107	0.000901445	9.05E-04	2.19E-03	5	9.1504	35.384031	26.572419	190.378187	4.965553	0.1665	6.2015	0.63025	2.53325	23.143631	1.628674	0.261381	0.01184
ERR599081	0.000608866	9.91E-05	2.27E-03	0.000258592	0.000494459	0.000973637	6.66E-04	5.36E-04	50	12.9723	35.64227	22.596675	216.67805	4.229206	0.1635	5.6545	0.7785	1.8815	24.5284	2.070398	0.258187	0.0096
ERR599082	0.000353373	5.49E-05	1.58E-03	0.000294364	0.00031539	0.000664693	4.06E-04	6.93E-04	25	19.0284	36.549506	25.607735	189.0233	0.672791	0.7	1.858	0.417	1.625	24.3126	1.61475	0.185922	0.0262
ERR599083	0.000989301	3.66E-05	1.23E-03	0.000216029	0.000222676	0.000468616	2.06E-04	1.54E-04	600	8.9729	34.5789	7.133995	40.6107	41.697487					27.07634	3.112808	0	
ERR599084	0.00049987	7.09E-05	1.97E-03	0.000290622	0.000345259	0.000886978	6.53E-04	3.00E-03	120	9.0714	35.907345	24.81397	172.42475	4.148328	0.3535	1.19925	0.4885	1.469	24.092785	1.908626	0.077051	0.00185
ERR599085	0.0006601	3.59E-05	9.60E-04	0.000165415	0.000152931	0.000422901	7.96E-05	3.59E-05	488	25.8076	34.3655	7.96837	154.6701	24.271551	0	27.2885	2.023	12.05	26.78725	2.58324	0	0
ERR599086	0.001094412	4.20E-05	1.17E-03	0.000199011	0.000182549	0.000419774	4.14E-05	5.91E-05	350	16.9486	34.7072	10.69894	4.7047	29.923223					26.609085	3.306498	0.015423	0
ERR599087	0.000273773	6.09E-05	1.50E-03	0.000171536	0.00030143	0.000596335	1.66E-04	1.44E-04	60	6.3378	34.664045	17.291965	41.52515	25.65001	0.464	12.904	1.108	8.073	25.194555	2.388755	0.219944	0.0132
ERR599088	0.001282182	5.12E-05	1.74E-03	0.000190103	0.00036133	0.000636372	2.93E-04	6.82E-04	5	29.5019	35.32467	22.2414	210.2395	0	0.004	0	0.084	1.7665	24.39702	1.057375	0.136664	0.0103
ERR599089	0.000544077	0.000100409	0.002010516	0.000262698	0.000422652	0.000844136	6.70E-04	3.13E-03	120	9.0714	35.907345	24.81397	172.42475	4.148328	0.3535	1.19925	0.4885	1.469	24.092785	1.908626	0.077051	0.00185
ERR599090	0.00037069	0.000520422	0.00957591	0.000855115	0.000812991	0.002635424	7.16E-04	1.89E-04	5	62.0385	34.327465	0.73159	344.81235	29.73383	0.1055	28.64	2.1055	80.55	27.52175	2.220386	0.276495	0.02675
ERR599091	0.000561313	0.000102302	0.002245251	0.000344595	0.000489971	0.000928791	7.20E-04	9.36E-04	5	8.9111	35.42651	26.80604	187.3321	5.460123	0.1945	3.7335	0.55725	1.80475	23.10143	1.645425	0.178072	0.0029
ERR599092	0.000616816	0.000192162	0.002074807	0.000294174	0.000322981	0.000900484	3.88E-02	3.11E-04	60	35.7528	37.84945	18.30575	238.694625		0.0263	0.038	0.0131	0.58135	27.375	1.375	0.076875	0.0118
ERR599093	0.000422495	0.000205171	0.002388418	0.00030025	0.000510425	0.001278207	2.17E-02	2.42E-04	5	25.8051	36.40163	25.18103	200.40835	0	0.000563	0.05125	0.1815	0.385875	24.346275	1.457396	0.060509	
ERR599094	0.000723025	0.000352069	0.00190538	0.000315722	0.000312871	0.000823158	4.89E-02	2.31E-04	50	39.3991	38.489083	15.181967	229.908917		0.1055	0.3595		1.354	28.626442	1.845	0.134028	
ERR599095	0.000733867	0.000250491	0.002470005	0.00041697	0.000400291	0.001347893	6.62E-02	7.70E-04	40	36.5533	36.5811	16.3584							26.8866		0.535777	
ERR599096	0.00110494	4.35E-05	1.21E-03	0.000243888	0.000200378	0.000447701	1.73E-04	1.87E-04	600	8.9729	34.5789	7.133995	40.6107	41.697487					27.07634	3.112808	0	
ERR599097	0.000393018	6.78E-05	1.44E-03	0.000195427	0.000284487	0.000671015	4.76E-04	3.11E-04	80	23.4183	40.187042	26.12925	181.501	0.47262	0.01		0.025	0.85	26.917092	1.2725	0.1566	0.0082
ERR599098	0.000540419	7.04E-05	2.08E-03	0.00022454	0.000361548	0.000882938	5.61E-04	7.17E-04	5	16.957	34.54545	27.956483	191.628083	0.532471	0	0	0.119	2.666	22.067625	0.977083	0.134305	0.0022
ERR599099	0.000388782	6.75E-05	1.29E-03	0.00029273	0.00029616	0.00043109	7.32E-05	1.53E-04	40	14.2075	34.366025	20.58574	123.201	7.312792	0.3055	6.0475	0.884	4.661	24.14088	2.394612	0.366719	0.0228
ERR599100	0.001608161	5.69E-05	1.77E-03	0.000218263	0.000462459	0.00078085	2.74E-04	3.36E-04	125	25.6168	36.17927	24.961605	193.38225	0	0.0175	0.0615		1.168	24.25287	1.681699	0.114913	0.0189
ERR599101	0.000484455	5.67E-05	1.42E-03	0.000220035	0.000335246	0.000762725	4.06E-04	4.19E-04	120	30.1484	36.27746	19.32335	216.6547	0.085111	0.053	0.104	0	0.319	25.920365	1.943116	0.16855	0.0064
ERR599102	0.00036453	7.55E-05	1.55E-03	0.000241049	0.000294251	0.000669947	7.97E-04	1.45E-02	5	19.0393	36.618044	26.313595	187.7395	0.632675	0.107	0.4195	0.337	1.278	24.148331	1.331	0.113641	0.00775
ERR599103	0.000320748	0.00010504	0.001431176	0.000348884	0.00029824	0.000752165	5.53E-04	3.85E-04	50	31.027	35.68407	16.74878	231.9774	0.904785	0.285	1.08	0.227	2.436	26.101325	2.011787	0.325714	0.0183
ERR599104	0.000451584	0.000467522	0.009022819	0.000704825	0.000632217	0.001554865	4.94E-04	9.21E-05	90	62.2231	34.36258	-0.792395	326.6803	32.911358	0.06	31	2.309	81.82	27.6286	2.471241	0.289537	
ERR599105	0.000264284	5.75E-05	1.21E-03	0.000274133	0.000213397	0.00056304	2.63E-04	3.58E-04	5	8.7789	36.41678	25.064425	199.135	0.416799	0.003	0.018	0.104	0.868	24.393095	1.77348	0.104143	0.0018
ERR599106	0.000469786	7.44E-05	2.29E-03	0.000261884	0.000408509	0.000884131	7.28E-04	5.69E-04	5	27.16	39.96035	25.0281	189.91675	0	0.00925	0.036	0.01225	0.8825	27.086225	1.054375	0.112855	0.00475
ERR599107	0.000759767	0.000123645	0.001973441	0.000313994	0.000283082	0.001792854	2.49E-03	7.24E-04	30	34.8901	35.32305	15.014	239.791063	2.739389	0.284	3.309875	0.34975	2.5895	26.21755	1.2525	0.221666	0.0296
ERR599108	0.00072426	8.94E-05	2.34E-03	0.000350793	0.000372134	0.000904324	1.25E-03	1.43E-03	30	2.0299	34.475915	26.019185	199.8303	4.369042	0.111	4.638	0.50475	3.225	22.63355	2.048813	0.329704	0.013
ERR599109	0.000439734	5.33E-05	1.42E-03	0.000267986	0.000164345	0.000423448	7.85E-05	2.00E-04	340	19.0351	36.014205	14.901445	2.9502	22.18992	0.691	23.43	2.639	38.94	26.787485	2.791	0.002565	0
ERR599110	0.000816778	8.59E-05	2.15E-03	0.000307571	0.00054259	0.001074052	5.64E-04	1.89E-03	30	35.2421	35.451512	21.72823	207.48285						24.64465	1.20625	0.177651	
ERR599111	0.000559583	6.17E-05	1.11E-03	0.000136596	0.000209844	0.000447732	1.14E-04	1.08E-04	60	18.4417	38.895025	27.558763	175.509	0	0.269	0.635	0.0885	1.3525	25.47435	1.42	0.14795	0.0312
ERR599112	0.001311988	6.74E-05	1.32E-03	0.000256897	0.000167739	0.000472086	1.51E-04	3.13E-04	1000	15.3379	34.8293	6.195775	88.88975						27.4047	2.2275	0	
ERR599113	0.000630693	9.52E-05	2.29E-03	0.000315346	0.000444448	0.000982018	6.73E-04	6.37E-04	50	12.9723	35.64227	22.596675	216.67805	4.229206	0.1635	5.6545	0.7785	1.8815	24.5284	2.070398	0.258187	0.0096
ERR599114	0.000547571	9.66E-05	2.30E-03	0.000351627	0.000472414	0.000940802	7.52E-04	8.51E-04	5	8.9111	35.42651	26.80604	187.3321	5.460123	0.1945	3.7335	0.55725	1.80475	23.10143	1.645425	0.178072	0.0029
ERR599115	0.000715336	5.46E-05	1.13E-03	0.001170622	0.000745867	0.000762739	1.57E-03	5.92E-05	650	35.2698	34.333562	4.918875	9.46475	43.553981					27.162231	3.758179	0	0
ERR599116	0.000222719	6.22E-05	1.34E-03	0.000188651	0.00023081	0.000568934	2.68E-04	2.43E-04	5	23.36	39.7709	25.811708	188.341917	0.279747	0.01075	0	0.00875	0.8775	26.698217	1.11375	0.085486	0.00435
ERR599117	0.000555922	6.96E-05	1.62E-03	0.000228132	0.000367413	0.000719216	1.37E-04	4.45E-04	150	8.9109	35.877315	21.97372	158.18405	5.004597	1.46875	5.44175	0.6607	1.18375	24.895825	1.955839	0	0.000925
ERR599118	0.000693695	9.87E-05	2.38E-03	0.000383424	0.000391713	0.000958921	1.06E-03	1.42E-03	5	1.9928	33.472445	27.497475	199.6911	1.673601	0.0455	0.8935	0.2865	1.7085	21.408655	1.900753	0.272009	0.004
ERR599119	0.000556619	0.000109477	0.002370248	0.000332389	0.000526282	0.000914069	7.15E-04	1.04E-03	5	8.9111	35.42651	26.80604	187.3321	5.460123	0.1945	3.7335	0.55725	1.80475	23.10143	1.645425	0.178072	0.0029
ERR599120	0.000464533	0.000232896	0.002409529	0.000336125	0.000553915	0.001057473	2.35E-02	2.74E-04	5	25.8051	36.40163	25.18103	200.40835	0	0.000563	0.05125	0.1815	0.385875	24.346275	1.457396	0.060509	
ERR599121	0.000529195	0.000436379	0.009104245	0.000700797	0.000700077	0.001560604	5.01E-04	1.21E-04	90	62.2231	34.36258	-0.792395	326.6803	32.911358	0.06	31	2.309	81.82	27.6286	2.471241	0.289537	
ERR599122	0.000616156	0.003961295	0.027106784	0.004691428	0.001722243	1.909554426	2.31E-03	3.89E-04	40	47.2007	34.05055	7.154875	306.1555	18.047311	0.1185	18.525	1.356	2.661	26.649733	2.133364	0.507313	
ERR599123	0.000411771	8.07E-05	2.00E-03	0.000284642	0.000525977	0.000826335	4.86E-04	3.96E-04	5	31.6948	36.596745	20.481195	213.6889	1.009924	0.093	0.1505	0.0015	0.728	25.85157	1.674064	0.120903	
ERR599124	0.000892375	3.51E-05	1.16E-03	0.000254964	0.00020508	0.000594917	1.53E-04	9.79E-05	800	30.1471	34.355	5.823213	215.95475	28.704078					27.076125	2.597631	0	0
ERR599125	0.005526758	4.25E-05	1.18E-03	0.00020807	0.000180732	0.000425252	6.38E-05	5.47E-05	790	61.9689	34.6802	0.456763	203.7715	38.920763	0.018	36.37	2.614	83.35	27.8267	3.420786	0	
ERR599126	0.0003739	8.69E-05	1.15E-03	0.000203417	0.000228602	0.000454621	1.64E-03	3.08E-04	5	20.9354	37.076575	23.374825	206.23185	0.185971	0.001404	0	0.055883	0.814172	25.40018	1.636802	0.055113	0.0019
ERR599127	0.000442915	6.90E-05	1.03E-03	0.000225909	0.000217006	0.000395062	6.57E-05	2.06E-04	375	14.2025	34.5882	8.887131	0.832313	35.049476	0.0093	34.551	2.9545	46.6245	26.820475	3.389521	0	0
ERR599128	0.002102541	3.89E-05	1.17E-03	0.00038747	0.000194342	0.000420265	4.25E-05	6.92E-05	480	5.261	34.692094	9.137438	5.148	40.112735	0.014	39.1775	2.853	40.579	26.863531	3.478053	0	0
ERR599129	0.000384408	0.00013355	0.001629673	0.000622633	0.000337485	0.001432957	1.20E-03	3.57E-04	5	31.0266	35.686585	16.8632	234.4763	1.103865	0.201	0.939	0.1455	1.9865	26.07437	1.951133	0.309005	0.01515
ERR599130	0.000272803	4.91E-05	1.26E-03	0.000163004	0.000251114	0.000599149	1.75E-04	2.43E-04	80	5.9998	35.044342	27.9561	137.998083	0	0.152	0.741	0.2505	2.7335	22.474092	1.42	0.228999	0.0036
ERR599131	0.003880414	6.59E-05	1.23E-03	0.000338736	0.000173132	0.00112724	6.15E-04	3.20E-05	700	31.0198	34.50494	7.32145	194.4342	24.232124	0.003	22.08	1.529	12.08	26.992205	2.777603	0	0.0021
ERR599132	0.002186416	4.96E-05	1.21E-03	0.000418694	0.000217314	0.000455872	5.44E-05	7.75E-05	480	5.261	34.692094	9.137438	5.148	40.112735	0.014	39.1775	2.853	40.579	26.863531	3.478053	0	0
ERR599133	0.000397702	7.98E-05	1.74E-03	0.000195799	0.000396685	0.000780655	2.13E-04	2.19E-04	100	8.7296	36.588225	23.630095	190.5966	1.049606	0.011	0.044	0.143	1.284	24.96531	2.171779	0.242586	0.0086
ERR599134	0.000717181	0.000152004	0.002129434	0.000333026	0.000473975	0.001030862	7.27E-04	8.33E-03	5	21.9467	38.9435	27.3097	183.589125	0.253501	0.003	0.006	0.04575	1.12025	25.59125	1.2825	0.150568	0.007
ERR599135	0.000461789	6.45E-05	1.17E-03	0.000299727	0.000256162	0.000496641	4.06E-04	5.16E-04	5	20.4091	36.35839	19.77001	215.2007	1.763081	0.0465	0.8015	0.309	1.1485	25.859525	2.071928	0.117466	0.0103
ERR599136	0.00096851	8.10E-05	1.99E-03	0.000254814	0.000558576	0.000842543	2.83E-04	3.96E-04	5	25.5264	36.177285	24.98456	195.54125	0	0.0195	0.049	0.003	1.218	24.236425	1.604851	0.123459	0.018
ERR599137	0.00040364	6.69E-05	1.69E-03	0.000199473	0.000398947	0.000823708	2.10E-04	2.43E-04	100	8.7296	36.588225	23.630095	190.5966	1.049606	0.011	0.044	0.143	1.284	24.96531	2.171779	0.242586	0.0086
ERR599138	0.000499869	6.52E-05	2.22E-03	0.000312789	0.000463698	0.001066743	3.88E-04	3.91E-04	5	9.3921	34.184183	29.818108	187.35	0	0.0055	0.07475	0.0825	2.22425	21.176983	0.84	0.077086	7.00E-04
ERR599139	0.000498825	6.74E-05	1.97E-03	0.000234087	0.000337153	0.000828905	5.12E-04	6.80E-04	5	16.957	34.54545	27.956483	191.628083	0.532471	0	0	0.119	2.666	22.067625	0.977083	0.134305	0.0022
ERR599140	0.000560412	0.000205254	0.002121723	0.000375914	0.00041512	0.001095455	4.56E-02	4.13E-04	5	35.759	37.89575	21.48665	208.245		0.01833	0.118	0.0256	0.5571	26.565263	1.091875	0.013344	0.0103
ERR599141	0.000387178	6.01E-05	1.87E-03	0.000277566	0.000396018	0.000871592	3.29E-04	4.84E-04	5	6.0001	34.56775	30.12785	188.79575	0	0.001	0.022	0.0765	2.171	21.358942	0.966875	0.080016	0.00085
ERR599142	0.000478287	9.23E-05	2.23E-03	0.000274783	0.000389448	0.000777173	3.28E-03	3.35E-04	5	31.5213	35.19025	25.164595	197.7245	0	0.002	0.01	0.0062	2.4278	23.434915	1.397096	0.101563	0.0024
ERR599143	0.000917331	0.000174797	0.002166492	0.000328988	0.00033041	0.000888198	3.31E-03	3.80E-02	5	20.8183	36.525962	25.681369	209.807083	1.545287	0.0455	0.1415	0.3575	1.143	24.284594	1.374375	0.205491	0.0169
ERR599144	0.000979336	0.042934271	0.129402605	0.026397755	0.002349299	1.508209817	1.45E+00	1.05E-03	5	32.2401	34.870735	13.04322	252.63145	1.264607					26.28407	4.093218	0.765222	2.1997
ERR599145	0.000406083	6.69E-05	1.59E-03	0.000225119	0.000291684	0.000573668	5.73E-04	1.12E-03	25	18.5839	36.40162	26.692435	187.47615	0	0.011	0.0675	0.2465	1.2415	23.87718	1.43775	0.196803	0.00545
ERR599146	0.000293087	6.46E-05	1.70E-03	0.000229785	0.000358921	0.000696319	3.11E-04	1.05E-03	5	35.1728	35.449638	21.76357	207.5812						24.629613	1.197	0.176479	
ERR599147	0.000420775	6.42E-05	1.29E-03	0.000251089	0.00030039	0.000439119	6.08E-05	1.42E-04	40	14.2075	34.366025	20.58574	123.201	7.312792	0.3055	6.0475	0.884	4.661	24.14088	2.394612	0.366719	0.0228
ERR599148	0.000519573	5.04E-05	8.61E-04	0.000151469	0.000160627	0.000353662	2.36E-04	1.28E-04	150	21.0292	36.61951	21.16596	200.32465	0.218613	0.047654	0	0.051522	0.712116	25.68731	1.931379	0.103558	0.00245
ERR599149	0.006012324	0.000118082	0.0017358	0.000425094	0.000316852	0.000641577	9.45E-05	7.48E-05	800	20.4075	34.446963	4.188237	161.92525	36.675625	0.01	36.73	2.522	44.86	27.333325	3.251941	0	
ERR599150	0.000383274	6.50E-05	1.81E-03	0.000241423	0.000375018	0.000658972	2.77E-04	7.62E-04	5	29.5019	35.32467	22.2414	210.2395	0	0.004	0	0.084	1.7665	24.39702	1.057375	0.136664	0.0103
ERR599151	0.000649194	9.81E-05	2.30E-03	0.000282206	0.000449349	0.000763046	8.09E-04	2.22E-03	5	9.1504	35.384031	26.572419	190.378187	4.965553	0.1665	6.2015	0.63025	2.53325	23.143631	1.628674	0.261381	0.01184
ERR599152	0.000508219	7.78E-05	1.03E-03	0.000271346	0.000224639	0.000394787	7.12E-05	1.83E-04	375	14.2025	34.5882	8.887131	0.832313	35.049476	0.0093	34.551	2.9545	46.6245	26.820475	3.389521	0	0
ERR599153	0.00091633	0.000375831	0.002020576	0.000346772	0.000308026	0.000838839	5.10E-02	2.32E-04	50	39.3991	38.489083	15.181967	229.908917		0.1055	0.3595		1.354	28.626442	1.845	0.134028	
ERR599154	0.001215171	6.86E-05	1.00E-03	0.000300936	0.000184752	0.000479974	9.33E-05	8.00E-05	800	20.9315	34.369569	4.664275	191.413187	33.940795					27.220344	2.821232	0	0
ERR599155	0.000198963	8.81E-05	1.34E-03	0.000184751	0.000230229	0.000534358	0.000284233	2.07E-04	5	23.36	39.7709	25.811708	188.341917	0.279747	0.01075	0	0.00875	0.8775	26.698217	1.11375	0.085486	0.00435
ERR599156	0.000593415	4.86E-05	1.43E-03	0.000170099	0.000305406	0.000559589	7.06E-05	4.99E-05	140	8.8999	36.28145	23.681605	160.81445	3.583718	0.05475	3.47525	0.566	1.24575	24.715135	1.897657	0	4.00E-04
ERR599157	0.000574947	5.57E-05	1.51E-03	0.000237241	0.000361914	0.000660887	9.80E-05	5.05E-04	150	8.9109	35.877315	21.97372	158.18405	5.004597	1.46875	5.44175	0.6607	1.18375	24.895825	1.955839	0	0.000925
ERR599158	0.000375946	0.00011082	0.001667911	0.000237071	0.000329654	0.000778546	8.88E-04	1.47E-02	5	19.0393	36.618044	26.313595	187.7395	0.632675	0.107	0.4195	0.337	1.278	24.148331	1.331	0.113641	0.00775
ERR599159	0.000892076	5.10E-05	1.25E-03	0.000228323	0.000181139	0.000542782	1.33E-04	9.12E-05	800	30.1471	34.355	5.823213	215.95475	28.704078					27.076125	2.597631	0	0
ERR599160	0.000541621	8.36E-05	1.55E-03	0.000287291	0.000339684	0.000613097	6.86E-04	3.70E-02	5	8.9068	35.3551	26.586685	189.6701	4.805128	0.14425	4.9015	0.53495	2.2205	23.11712	1.63837	0.181215	0.0092
ERR599161	0.000594422	8.19E-05	1.94E-03	0.000243227	0.000397468	0.000802055	6.48E-04	3.11E-03	120	9.0714	35.907345	24.81397	172.42475	4.148328	0.3535	1.19925	0.4885	1.469	24.092785	1.908626	0.077051	0.00185
ERR599162	0.00046962	0.000102321	0.001808814	0.00028426	0.000357035	0.000692922	5.27E-04	2.12E-03	5	7.4122	28.922675	26.555663	205.411	0	0.0043	0.00275	0.09345	0.63375	18.28625	1.782691	0.182274	0.04365
ERR599163	0.000657628	0.000109834	0.002587314	0.000338695	0.000369485	0.000929227	1.94E-03	1.62E-03	5	13.0023	35.82876	25.349495	201.0109	5.005302	0.137	6.1625	0.67725	1.15025	23.86109	1.77889	0.227673	0.0066
ERR599164	0.00158882	3.32E-05	1.18E-03	0.000161883	0.000153986	0.000461168	5.92E-05	5.29E-05	1000	29.5046	34.572658	7.552017	190.888667						27.0189	1.5975	0	
ERR599165	0.000420452	5.06E-05	1.12E-03	0.000297411	0.000267972	0.000438569	4.18E-04	5.25E-04	5	20.4091	36.35839	19.77001	215.2007	1.763081	0.0465	0.8015	0.309	1.1485	25.859525	2.071928	0.117466	0.0103
ERR599166	0.003784943	4.22E-05	1.27E-03	0.000383473	0.000160248	0.000526245	1.40E-04	5.47E-05	590	39.2392	34.963392	5.004169	232.660562	19.964889					27.649883	2.860482	0	
ERR599167	0.000416875	3.89E-05	1.43E-03	0.00023345	0.000143822	0.000407148	7.78E-05	1.63E-04	340	19.0351	36.014205	14.901445	2.9502	22.18992	0.691	23.43	2.639	38.94	26.787485	2.791	0.002565	0
ERR599168	0.000406433	0.000186187	0.001759697	0.000697067	0.000221381	0.000817408	1.95E-03	9.99E-04	40	5.2669	34.884385	19.781235	104.9968	18.72477	1.202	24.3645	1.8615	10.5045	24.729155	2.896974	0.365239	0.018
ERR599169	0.000613304	9.41E-05	2.49E-03	0.0003262	0.000386064	0.000924843	1.82E-03	1.57E-03	5	13.0023	35.82876	25.349495	201.0109	5.005302	0.137	6.1625	0.67725	1.15025	23.86109	1.77889	0.227673	0.0066
ERR599170	0.000383011	8.26E-05	1.95E-03	0.000332733	0.000392939	0.000856011	5.08E-04	5.59E-04	5	35.9346	36.285292	17.627142	229.368083	0.120853	0.0355	0.1695	0.0055	0.8358	26.349408	1.79022	0.191003	
ERR599171	0.000375758	0.000125253	0.001649456	0.000571576	0.000317542	0.001499505	1.19E-03	3.25E-04	5	31.0266	35.686585	16.8632	234.4763	1.103865	0.201	0.939	0.1455	1.9865	26.07437	1.951133	0.309005	0.01515
ERR599172	0.000658896	3.84E-05	1.27E-03	0.000244774	0.000133772	0.000441162	1.10E-04	1.74E-04	270	18.7341	35.907681	15.553795	3.12405	18.560166	2.074	21.22	2.64	38.62	26.565675	2.75675	0.007712	0
ERR599173	0.000354319	0.000109077	0.001961198	0.00036896	0.000304538	0.002054902	3.02E-03	7.94E-04	5	34.9449	35.3233	15.013362	239.93725	2.426286	0.3025	3.34	0.343	2.7435	26.2141	1.258125	0.221666	0.0302
ERR599174	0.000408811	9.96E-05	1.76E-03	0.00061178	0.000341793	0.00137483	1.31E-03	3.41E-04	5	31.0266	35.686585	16.8632	234.4763	1.103865	0.201	0.939	0.1455	1.9865	26.07437	1.951133	0.309005	0.01515
ERR599175	0.000482135	4.67E-05	9.25E-04	0.000237179	0.000176264	0.000452325	5.96E-05	1.49E-04	450	6.3559	34.608919	8.149894	1.013313	36.753654	0.0078	36.219	3.155	52.9225	26.951444	3.439414	0	0.0018
ERR599176	0.000397205	0.000556379	0.009775331	0.000882029	0.000759362	0.002656308	6.54E-04	1.72E-04	5	62.0385	34.327465	0.73159	344.81235	29.73383	0.1055	28.64	2.1055	80.55	27.52175	2.220386	0.276495	0.02675
ERR3589553	0.000405251	0.003091708	0.034631765	0.003456223	0.002826925	0.005845941	1.02E-03	1.40E-04	35	78.9354	34.4561	-1.29785	348.000625	4.427788	0.026	1.709	0.209065	0.231772	27.72345	3.166069	2.003142	1.3839
ERR3589554	0.000327223	0.003216852	0.037041445	0.002655737	0.00225233	0.009033217	7.73E-04	1.14E-04	5	78.2518	32.950844	-1.649738	388.303875		0.074	0.513	0.216027	0.465648	26.511331	2.853854	1.417326	1.68195
ERR3589555	0.00034035	0.003142754	0.031768907	0.002201986	0.002205022	0.021882908	7.28E-04	8.43E-05	5	77.9028	28.82053	0.10149	363.6485						23.11621	5.496034	0.815481	
ERR3589556	0.000581161	0.002905806	0.021626635	0.004358435	0.006445854	0.005619259	5.92E-04	1.25E-04	5	73.3833	27.442	-0.585333	368.662625	0	0.126	0.2285	0.361653	1.424261	22.016175	2.417638	0.404899	0.0658
ERR3589557	0.000469493	0.002901391	0.021444192	0.002432826	0.002448909	0.014574999	8.84E-04	1.30E-04	5	71.8895	28.60925	2.5694	336.04075	1.604622	0.0865	0.4235	0.430504	2.822912	22.8182	4.533623	0.485962	0.22775
ERR3589558	0.000561652	0.002040412	0.015143776	0.005355324	0.006533389	0.005044937	8.65E-04	0.00011267	5	74.2987	30.70185	-1.32986	368.52475	3.75923	0.0775	1.328	0.526245	2.062045	24.678167	3.00669	0.79676	0.3843
ERR3589559	0.000589098	0.003008329	0.020867483	0.006916516	0.008443923	0.062644056	6.88E-04	0.000145768	5	72.4693	31.99537	-0.479225	353.1935	3.880872	0.0895	0.411	0.560568	0.298067	25.7008	3.112706	1.1319	0.8194
ERR3589560	0.000508437	0.000861236	0.00856503	0.001025295	0.000782836	0.005669755	5.54E-04	1.13E-04	411	70.9433	34.50669	3.03554	230.0861	13.409788					27.488995	3.097493	0	
ERR3589561	0.000460063	0.001595388	0.013196347	0.001963943	0.001619054	0.027678219	6.85E-04	1.04E-04	5	70.9574	32.08329	1.445315	328.54665	3.615087	0.128	1.24175	0.220883	1.04231	25.673125	2.515363	0.771475	0.1842
ERR3589562	0.000476706	0.001372378	0.011649573	0.00113454	0.000982627	0.028580034	9.39E-04	1.58E-04	351	64.7	34.59923	4.20173	273.02835	10.622333					27.448865	2.548801	0	0.0102
ERR3589563	0.000541621	0.000519082	0.005269703	0.000446	0.000406045	0.014738844	4.82E-04	1.19E-04	391	61.5754	34.939595	4.791395	271.8744	16.017641	0.134	9.908	0.851461	4.07817	27.65512	2.284852	0	0.0023
ERR3589564	0.000132698	0.000438855	0.003457395	0.000451083	0.000312497	0.043039904	3.51E-04	3.49E-05	25	67.161	35.15072	6.73489	304.0473	8.063879	0.309	11.784	0.709183	4.95809	27.572895	1.946281	0.764172	0.0482
ERR3589565	0.000428979	0.003377653	0.025663305	0.002719611	0.001846222	0.19192202	3.06E-03	2.62E-04	40	72.5432	34.975345	3.824545	326.3609	0	0.063	0.821	0.098435	1.135333	27.784685	2.454789	1.1063	0.1971
ERR3589566	0.000565905	0.005213859	0.05353118	0.00612591	0.005899815	0.01203206	1.39E-03	1.98E-04	5	78.9564	33.613775	-0.160312	385.28075	2.099614	0.0015	0.441	0.056871	0.273079	26.994413	2.28495	0.417069	0.43265
ERR3589567	0.000668799	0.000501338	0.007408425	0.000791604	0.000683103	0.001837192	3.48E-04	9.91E-05	199	79.2026	34.8814	1.47689	296.228	11.691602	0.019	11.508	0.730535	4.994604	27.91825	2.51048	0.008083	
ERR3589568	0.000947946	0.004388942	0.027139274	0.003671386	0.002457376	0.001830491	6.54E-04	8.47E-05	5	74.8023	22.980169	2.507887	357.164917		0.014667	0.247333	0.238302	11.775524	18.339325	19.191431	0.547446	0.085767
ERR3589569	0.0002684	0.001459077	0.018462258	0.001435582	0.001562216	0.010745957	5.10E-04	6.97E-05	20	77.9668	32.726735	-0.607125	371.05845						26.29815	4.162668	0.892787	
ERR3589570	0.000468734	0.000168885	0.003665822	0.000326042	0.000268965	0.000871791	2.03E-04	6.37E-05	299	78.0391	34.92558	1.59404	293.889						27.94409	2.592579	0	
ERR3589571	0.000453354	0.002513836	0.020068402	0.003487596	0.004463169	0.003161399	4.94E-04	8.97E-05	35	73.3275	31.56495	-0.987833	396.848083	0	0.441	1.9045	0.866194	5.566842	25.370225	3.843304	0.544297	0.2799
ERR3589572	0.001071616	0.003442415	0.024910534	0.011186805	0.009856903	0.068132496	8.16E-04	0.000221601	36	74.3386	31.947283	-0.409335	343.877833	5.355932	0.025	2.133	0.6443	4.087196	25.654808	3.403455	0.879487	0.5729
ERR3589573	0.000480874	0.000657428	0.006811561	0.001075473	0.001149183	0.002795738	2.14E-04	7.79E-05	441	74.305	34.342505	0.994025	233.314	10.238791					27.51832		0	0.0118
ERR3589574	0.000997215	0.000916191	0.007389888	0.001964579	0.002238157	0.009491584	2.76E-04	8.82E-05	491	72.4456	34.378169	1.230869	227.316	22.810319					27.531506	3.58539	0	
ERR3589575	0.000148246	0.000525659	0.005265877	0.000673573	0.000610229	0.016804175	3.79E-04	4.44E-05	5	69.1136	32.99175	3.1965	303.326	1.791002	0.1665	1.916	0.312072	0.819597	26.265	2.6962	0.39292	0.08585
ERR3589576	0.000413668	0.002476466	0.018386621	0.002096068	0.001540444	0.052649757	7.06E-04	1.08E-04	5	64.7127	32.603119	2.496125	323.901563	6.131005					26.011175	2.723684	0.825917	
ERR3589577	0.000374579	0.003612875	0.037774354	0.004734653	0.004360401	0.005100741	9.34E-04	1.33E-04	5	79.2233	34.264755	1.365705	369.289812	2.150477	0.001	0.3685	0.063634	0.523062	27.429195	2.134432	1.019477	0.21605
ERR3589578	0.000887861	0.006747527	0.059269846	0.006179675	0.005609272	0.01844244	1.69E-03	0.000184424	30	74.8283	33.646092	-1.533492	356.223917		0.075667	2.080833	0.482771	8.877352	27.072625	6.974842	0.509085	0.6226
ERR3589579	0.000338389	0.002342376	0.028181729	0.001992012	0.001659782	0.005771085	7.70E-04	1.33E-04	17	78.3555	33.436706	-1.647244	373.061		0.124	1.227	0.307592	0.851791	26.906337	2.982844	1.375654	1.7308
ERR3589580	0.002113793	0.002365539	0.013487738	0.002383353	0.003046497	0.001155544	1.42E-03	8.91E-05	5	71.5955	28.41685	1.48885	340.44375		0.07525	1.06325	1.195806	19.646147	22.7306	6.44771	0.431723	0.05735
ERR3589581	0.00086104	0.00401512	0.026715581	0.006710026	0.005694041	0.10578974	1.13E-03	0.000204824	5	71.0704	29.0291	2.4534	339.4475	0	0.125	6.2695	1.614977	30.149509	23.1614	2.524221	0.58652	0.1744
ERR3589582	0.000347181	0.001882198	0.012080321	0.000852787	0.000732898	0.036958161	1.20E-03	1.94E-04	5	61.5427	34.212769	5.295265	293.84675	8.286479	0.31575	5.8035	0.511975	2.252584	27.017281	2.274721	0.613636	0.1275
ERR3589583	0.000805675	0.00157467	0.005364785	0.001065302	0.000674904	0.180535856	4.52E-02	1.26E-03	40	54.5451	35.335155	10.79018	266.473125	7.129639	0.071	10.158	0.566253	3.554362	27.07531	1.814179	0.789471	0.0298
ERR3589584	0.000870034	8.68E-05	1.29E-03	0.00026742	0.000219885	0.001985407	6.11E-04	5.61E-05	751	54.5742	35.40565	8.923581	208.76175	13.716288					27.460706	1.960961	0	
ERR3589585	0.000896238	0.000455967	0.004294362	0.000341497	0.00023698	0.046674051	5.21E-04	4.59E-05	651	67.1675	34.90349	0.22498	295.31095	14.950381					28.01768		0	
ERR3589586	0.000708461	0.002684929	0.021965378	0.006502019	0.007390346	0.007450875	7.50E-04	1.57E-04	5	76.1825	34.888656	1.899612	363.000813	4.980653	0.101	2.7725	0.290483	4.18531	27.890469	2.258868	2.780097	
ERR3589587	0.000359394	0.004081253	0.028764376	0.002187498	0.001542145	0.264225962	1.70E-03	1.53E-04		72.5199	34.978285	3.1072	303.31905	0	0	0.821	0.098435	1.459545	27.85433	2.699	0.321278	0.11945
ERR3589588	0.000266747	0.00238533	0.014162246	0.00150618	0.00115629	0.187065364	1.24E-03	1.09E-04	5	72.5128	34.92331	7.48766	299.0073	0	0	0.0595	0	1.725127	27.289205	2.102862	0.825342	0.217
ERR3589589	0.000485247	0.003188826	0.03236779	0.004263886	0.003965712	0.004086207	9.17E-04	1.44E-04		79.3349	34.691775	1.025705	314.71675		0.0475	2.5925	0.35669	1.74362	27.839725	2.380822	0.514823	0.0912
ERR3589590	0.000720418	0.005652332	0.045217996	0.012113892	0.013492098	0.012227887	1.15E-03	2.47E-04	5	77.1604	34.142392	1.325833	348.196667		0.008333	0.278	0.047034	0.244154	27.333308	2.15788	0.119264	0.023975
ERR3589591	0.00108576	0.001319212	0.004890575	0.000781281	0.000509696	0.08863378	4.24E-02	9.90E-04	5	54.5305	35.32522	11.09547	271.064125	4.467439	0.237125	8.035625	0.401861	0.967928	27.01156	1.773811	0.772148	0.1019
ERR3589592	0.000283812	0.00348533	0.018946401	0.000964106	0.001015735	0.773300869	3.41E-03	1.34E-04	5	67.141	35.145165	8.47447	311.7827	5.218798	0.13475	5.1155	0.356899	4.012069	27.314165	1.888199	1.174328	0.1674
ERR3589593	0.000622581	0.000213066	0.004078267	0.00051511	0.000374674	0.002486304	2.90E-04	7.67E-05	499	76.1246	34.94578	0.099535	315.37205	13.010683					28.05824	2.250862	0	
